#L=60
#extfield=0.00000000
#beta		#binder		#dbinder		#chi		#dchi		#amag		#damag		#mag		#dmag		#c		#dc		#ene		#dene
0.34000000	2.99972600	0.02587080	4.75850000	0.04813146	0.04801478	0.00023176	0.00021378	0.00037625	3.68605292	0.03228991	-0.84156789	0.00022189
0.35000000	2.98705355	0.02927253	5.64921712	0.05669150	0.05263385	0.00024160	0.00016722	0.00037945	3.92235120	0.03691356	-0.87977289	0.00020687
0.36000000	2.95860627	0.03383516	6.84448988	0.06896585	0.05813656	0.00034265	0.00031089	0.00046938	4.02615483	0.03631659	-0.91975626	0.00023119
0.37000000	2.93054838	0.02947547	8.70743115	0.08312904	0.06560237	0.00030589	0.00046929	0.00050390	4.28256043	0.03874371	-0.96196633	0.00021766
0.38000000	2.90977480	0.03035546	11.34821393	0.12516401	0.07514063	0.00035455	-0.00032730	0.00074766	4.62148623	0.04475023	-1.00687382	0.00028143
0.39000000	2.92063552	0.02939249	15.33077059	0.16718693	0.08740765	0.00042489	0.00144350	0.00078047	4.94497515	0.04168558	-1.05433393	0.00025336
0.40000000	2.87213119	0.02476305	22.36993351	0.28069066	0.10559595	0.00053916	0.00089213	0.00125036	5.44892444	0.04966637	-1.10587752	0.00025430
0.40100000	2.83502017	0.02692285	22.89583078	0.25463147	0.10827089	0.00062635	-0.00092878	0.00126799	5.51464944	0.05046819	-1.11160511	0.00024136
0.40200000	2.85249041	0.02856646	24.03205732	0.26720024	0.11034308	0.00063337	0.00061581	0.00134722	5.42284549	0.05012170	-1.11688285	0.00025980
0.40300000	2.81300532	0.02451130	24.81104073	0.35765332	0.11307482	0.00060748	0.00148848	0.00148231	5.47330726	0.05019613	-1.12243807	0.00023322
0.40400000	2.83219456	0.02567791	26.11545648	0.31280952	0.11499196	0.00059972	0.00323822	0.00141898	5.57099683	0.04914490	-1.12806722	0.00025584
0.40500000	2.79774118	0.02649571	27.91328394	0.28850367	0.11956917	0.00068673	0.00239702	0.00161894	5.69117355	0.05388746	-1.13375393	0.00025109
0.40600000	2.80287332	0.02443454	29.26646071	0.37719771	0.12271991	0.00081584	-0.00006491	0.00168532	5.71188401	0.04616354	-1.13954426	0.00026039
0.40700000	2.79126748	0.02490694	30.57238280	0.37599217	0.12518343	0.00072764	-0.00455217	0.00172667	5.75589318	0.05096509	-1.14486367	0.00027295
0.40800000	2.78164998	0.02224347	32.71509990	0.40012382	0.12966413	0.00082380	0.00081206	0.00177782	5.80511489	0.05333912	-1.15116837	0.00024256
0.40900000	2.74167101	0.02107693	33.90053725	0.40331129	0.13236907	0.00078715	-0.00039237	0.00212370	5.82489545	0.05424735	-1.15693311	0.00026706
0.41000000	2.74767348	0.02099246	35.41403214	0.39071426	0.13590335	0.00084106	0.00125502	0.00216860	5.94933918	0.05731678	-1.16308422	0.00026752
0.41100000	2.73056955	0.02544487	37.13600349	0.46163229	0.13923535	0.00088102	0.00000935	0.00205646	6.01369802	0.05443210	-1.16902989	0.00028576
0.41200000	2.69189144	0.02105125	39.92235541	0.49334409	0.14513334	0.00102979	0.00115922	0.00241308	6.12388476	0.06282435	-1.17475241	0.00032306
0.41300000	2.68942299	0.02257351	42.30377530	0.51334610	0.14878982	0.00100170	-0.00181271	0.00263875	6.28514283	0.06302971	-1.18085667	0.00033068
0.41400000	2.68424060	0.02211315	45.37859684	0.55158608	0.15437131	0.00116471	-0.00133831	0.00280208	6.27212284	0.05765125	-1.18745896	0.00027286
0.41500000	2.65199603	0.02422943	47.23852108	0.65424524	0.15903046	0.00116183	-0.00252317	0.00296665	6.39991780	0.06158188	-1.19380370	0.00028585
0.41600000	2.62171932	0.02217312	49.95672922	0.74904690	0.16341441	0.00137340	0.00256600	0.00345503	6.39700767	0.06607638	-1.19991393	0.00027750
0.41700000	2.53075232	0.02202039	53.33542057	0.65009605	0.17241167	0.00122865	-0.00242178	0.00371989	6.58695586	0.06905462	-1.20664141	0.00027640
0.41800000	2.55164156	0.02330002	59.72826941	0.83308241	0.18089172	0.00147536	0.00570431	0.00403053	6.75899352	0.06602571	-1.21337878	0.00030450
0.41900000	2.49059355	0.02003057	62.60191799	0.79461649	0.18799407	0.00140425	0.00258507	0.00392568	6.85292091	0.06314790	-1.22041237	0.00032455
0.42000000	2.46761365	0.02456019	67.23122420	0.97323442	0.19515219	0.00166805	-0.00310589	0.00429151	7.01267231	0.06541709	-1.22718252	0.00034566
0.42100000	2.38579320	0.01987357	69.88115595	0.86477383	0.20379485	0.00179190	0.00078833	0.00532180	7.10408711	0.06880594	-1.23370693	0.00032731
0.42200000	2.32438737	0.02184517	77.81506725	1.01114880	0.21724739	0.00193339	0.00503009	0.00556903	7.45208432	0.06894872	-1.24161222	0.00034456
0.42300000	2.31543057	0.02140669	80.12690996	1.20469121	0.22024143	0.00220321	-0.00519195	0.00644411	7.35677565	0.07902853	-1.24845230	0.00036256
0.42400000	2.29656070	0.02117691	86.78344679	1.05310065	0.23120678	0.00228820	-0.00016063	0.00722231	7.63842746	0.08111040	-1.25567426	0.00039391
0.42500000	2.19074163	0.02569618	93.44299820	1.08533974	0.24695658	0.00243461	0.00012331	0.00765517	7.97692130	0.08087700	-1.26395133	0.00041528
0.42600000	2.10390341	0.02131888	101.06709238	1.34649721	0.26312413	0.00256123	-0.00345950	0.00731390	8.15844527	0.08176385	-1.27255096	0.00043343
0.42700000	2.02650862	0.02166426	106.83432753	1.17664082	0.27860500	0.00289803	0.00074530	0.00970699	8.50759665	0.08509823	-1.28015237	0.00049738
0.42800000	1.92663867	0.01904746	116.74418439	1.23151148	0.30198695	0.00302623	0.00680813	0.01025631	8.93842994	0.08894951	-1.28998708	0.00049191
0.42900000	1.96972068	0.02721173	121.56552538	1.47934195	0.30026428	0.00421537	-0.02296324	0.01056383	9.06523303	0.09500600	-1.29656778	0.00069598
0.43000000	1.79137596	0.01230445	125.39667527	0.77443610	0.33603300	0.00251909	0.00077069	0.01069026	9.49528023	0.06350877	-1.30760154	0.00044029
0.43050000	1.74760435	0.01400725	134.32699697	0.92333533	0.35072607	0.00281305	0.05259013	0.00861482	9.82874028	0.06716816	-1.31368709	0.00047313
0.43100000	1.74463527	0.01432417	132.03833808	0.92941501	0.34779006	0.00285096	0.00299387	0.01206054	9.52494754	0.06207239	-1.31577763	0.00044968
0.43150000	1.73201399	0.01040487	141.26933766	0.92822410	0.35630661	0.00226440	-0.00085854	0.01190481	9.99213747	0.07366771	-1.32011342	0.00038781
0.43200000	1.70543066	0.01249531	136.37512908	1.04867552	0.36471334	0.00299383	0.03179888	0.01041862	10.15478056	0.08569181	-1.32452904	0.00055650
0.43250000	1.70494934	0.01374172	145.98600088	0.98217485	0.37090439	0.00294967	0.08567815	0.01309318	10.04070968	0.08372447	-1.33033970	0.00058083
0.43300000	1.57079722	0.01034784	141.89767689	1.14281935	0.39988017	0.00271219	0.00251686	0.01441015	10.53997878	0.06426993	-1.33641572	0.00044955
0.43350000	1.56843568	0.01030527	136.97833704	1.19793927	0.40512182	0.00314884	0.00141131	0.02102791	10.42070379	0.06773526	-1.34078409	0.00046814
0.43400000	1.56756685	0.01281527	147.22436169	1.24073019	0.40910632	0.00349966	0.11863076	0.01132306	10.43377395	0.06769625	-1.34591009	0.00066524
0.43450000	1.50639212	0.00959713	147.48615484	1.82374461	0.43256008	0.00243413	-0.06379710	0.01176071	11.15077947	0.06950990	-1.35261137	0.00041137
0.43500000	1.39494607	0.00822793	139.48581491	2.02400857	0.47118375	0.00288254	0.06059149	0.01932590	11.21495706	0.07446385	-1.36248942	0.00050060
0.43550000	1.44481925	0.00954627	142.83541427	1.43538589	0.45553998	0.00292998	0.10936332	0.02485935	11.35700854	0.06236403	-1.36221541	0.00045631
0.43600000	1.45411938	0.01283442	150.78286302	2.13818210	0.45901950	0.00389349	0.00240180	0.02556281	11.56248351	0.07380499	-1.36685291	0.00071412
0.43650000	1.38243719	0.00676191	142.81743872	1.66327526	0.48727860	0.00227093	-0.00059064	0.02160197	11.70405062	0.06912599	-1.37562759	0.00047154
0.43700000	1.29703348	0.00762862	123.36269779	2.24398944	0.51546029	0.00319484	0.11121717	0.02816687	11.23742918	0.08065617	-1.38272945	0.00052249
0.43750000	1.33181950	0.00702637	137.55013077	1.97027123	0.50990301	0.00261557	-0.18708162	0.01833199	11.59368217	0.06911645	-1.38547880	0.00055529
0.43800000	1.31407932	0.00877673	135.63280832	2.41825923	0.51975143	0.00326118	0.06841024	0.02350567	11.94337944	0.07434668	-1.39033441	0.00065207
0.43850000	1.23600194	0.00591569	109.46275983	2.08615017	0.55596129	0.00271592	0.02934745	0.02862644	11.13285558	0.07830895	-1.40077187	0.00070563
0.43900000	1.30248221	0.00826667	147.82454333	2.96584809	0.53384557	0.00279688	0.00338509	0.03476715	11.88516273	0.08685846	-1.40063654	0.00055412
0.43950000	1.25002414	0.00704012	123.24535694	2.72621027	0.55774903	0.00287959	-0.00042562	0.02670552	11.59062442	0.08420586	-1.40725272	0.00061017
0.44000000	1.18135165	0.00460685	101.17159863	2.49461874	0.59200295	0.00213552	0.33567002	0.02120005	11.22386179	0.08737073	-1.41710037	0.00044981
0.44050000	1.21400520	0.00807859	117.06870113	3.79310802	0.58230005	0.00343461	0.00175965	0.04215301	11.51047520	0.08394154	-1.41913385	0.00061209
0.44100000	1.17902775	0.00571885	100.46649361	2.67446684	0.60137883	0.00262563	-0.29492175	0.03397651	11.37311207	0.08985181	-1.42609446	0.00061752
0.44150000	1.15008728	0.00507010	91.50036081	3.08793050	0.62278549	0.00261798	0.00360008	0.04749344	11.04484541	0.09801473	-1.43409656	0.00058092
0.44200000	1.12398752	0.00423795	73.73413567	2.69232580	0.63724558	0.00210220	0.00209123	0.04305943	10.45206344	0.09262702	-1.43940867	0.00051442
0.44250000	1.13418124	0.00463782	81.95064990	2.69219683	0.63518691	0.00256478	0.00296421	0.06003491	10.74150201	0.07873021	-1.44230993	0.00060389
0.44300000	1.11537046	0.00360948	71.53414437	2.76290667	0.65168711	0.00224518	0.00386148	0.08137093	10.56893945	0.10662582	-1.44909274	0.00048128
0.44350000	1.08610889	0.00245359	54.12135319	2.40962459	0.67129308	0.00169677	-0.00396902	0.07146767	10.00468395	0.08802254	-1.45631828	0.00041618
0.44400000	1.08703122	0.00249868	52.87963805	1.94242603	0.67276849	0.00148966	-0.67265034	0.00152276	10.04489467	0.08195735	-1.45938645	0.00036105
0.44450000	1.09885698	0.00234118	60.07956441	1.89725599	0.66861287	0.00147314	-0.66834981	0.00161575	10.23413773	0.08143495	-1.46140594	0.00041979
0.44500000	1.07184639	0.00184867	45.56637966	1.40256568	0.68946920	0.00123775	-0.00376270	0.07513479	9.46747579	0.07773096	-1.46941956	0.00038802
0.44550000	1.05368817	0.00083063	30.95106455	0.61997895	0.70616919	0.00073557	-0.70616850	0.00070605	8.93760790	0.05918324	-1.47659130	0.00029613
0.44600000	1.05474369	0.00138886	34.77047830	1.14333963	0.70972277	0.00100735	-0.70972277	0.00109568	8.73604038	0.07219420	-1.48086413	0.00029961
0.44650000	1.06804697	0.00292398	51.46940095	3.07433024	0.70534119	0.00202853	-0.70496413	0.00203332	9.48351873	0.11258374	-1.48313654	0.00046619
0.44700000	1.04236711	0.00083422	25.20325553	0.59147878	0.72309303	0.00076308	-0.72309303	0.00079518	8.57945857	0.06208721	-1.48931942	0.00029471
0.44750000	1.03928703	0.00110664	23.53452164	0.79308774	0.72849311	0.00080455	-0.72849311	0.00078877	8.49883242	0.07004400	-1.49368380	0.00028917
0.44800000	1.03814146	0.00096199	23.13524379	0.69370697	0.73388330	0.00065335	0.73388330	0.00061370	8.34256736	0.06752613	-1.49831219	0.00028888
0.44850000	1.04691141	0.00223035	33.77008729	2.50031710	0.72771552	0.00155782	-0.72769133	0.00151175	8.60045868	0.09260621	-1.49905965	0.00038938
0.44900000	1.03617027	0.00074172	21.86666604	0.56909118	0.73806643	0.00068537	-0.73806643	0.00076059	8.02654150	0.05976992	-1.50440061	0.00027905
0.44950000	1.03913834	0.00160020	28.57445889	1.74164182	0.74279889	0.00109564	-0.00432474	0.09104004	8.36434864	0.08184205	-1.50909093	0.00031792
0.45000000	1.03430435	0.00177974	25.18286573	2.14035789	0.74734187	0.00136782	-0.02285213	0.11247753	8.03066905	0.10913024	-1.51260118	0.00041937
0.45050000	1.03442097	0.00110272	22.64157309	0.80985758	0.74887943	0.00095618	0.74887943	0.00090492	7.98968673	0.06184921	-1.51502337	0.00034473
0.46000000	1.01060347	0.00038548	7.22231599	0.35149114	0.81272915	0.00037309	-0.81272915	0.00034155	6.09684795	0.05726172	-1.58019193	0.00025744
0.47000000	1.00386425	0.00004699	2.60400114	0.03911958	0.85261820	0.00019064	-0.85261820	0.00018186	4.67023047	0.05349544	-1.63470715	0.00029903
0.48000000	1.00227172	0.00002618	1.60733131	0.02172935	0.87763828	0.00013241	-0.87763828	0.00013770	3.91065935	0.03267883	-1.67773215	0.00020312
0.40050000	2.87069095	0.02421142	22.70447838	0.24857800	0.10652350	0.00051695	0.00077817	0.00116964	5.36554848	0.04871428	-1.10854633	0.00023726
0.40150000	2.84545789	0.02571053	23.36580056	0.27200841	0.10877555	0.00063760	0.00028315	0.00133776	5.43429255	0.04774009	-1.11399289	0.00023972
0.40250000	2.83290314	0.02908090	24.23420799	0.29165268	0.11095772	0.00058548	0.00079957	0.00139342	5.50408717	0.05583697	-1.11977304	0.00023429
0.40350000	2.80391674	0.02234287	25.67307964	0.33061169	0.11476450	0.00067819	-0.00000039	0.00140889	5.56323068	0.04923988	-1.12513885	0.00029303
0.40450000	2.81205047	0.02194487	27.01891891	0.32080554	0.11806965	0.00070473	0.00004457	0.00149702	5.61716639	0.05170176	-1.13074867	0.00025842
0.40550000	2.77367031	0.02300388	28.43482735	0.32853491	0.12110402	0.00068950	0.00071380	0.00163327	5.56469606	0.04758660	-1.13587633	0.00025004
0.40650000	2.78474649	0.02657973	29.25140623	0.31520343	0.12288739	0.00067066	0.00163968	0.00171337	5.70467526	0.04981369	-1.14218800	0.00026164
0.40750000	2.78751197	0.02312292	31.03956471	0.46969205	0.12601035	0.00099129	-0.00131143	0.00186164	5.78892830	0.05234439	-1.14742052	0.00023716
0.40850000	2.74151524	0.02248357	32.90829573	0.43250465	0.13151036	0.00081568	-0.00060609	0.00176113	5.78807801	0.05193485	-1.15374304	0.00024805
0.40950000	2.77580649	0.02360364	34.83026686	0.53480442	0.13432756	0.00097070	-0.00296674	0.00202048	5.84842561	0.05373516	-1.15983337	0.00029736
0.41050000	2.75085421	0.02415827	36.40324542	0.51958566	0.13778641	0.00095234	0.00110856	0.00239301	6.06033567	0.05235114	-1.16591133	0.00026013
0.41150000	2.74140708	0.02535585	38.53997330	0.53635332	0.14174300	0.00095481	-0.00095311	0.00217781	6.09250370	0.05674752	-1.17165989	0.00028640
0.41250000	2.66871543	0.01856673	41.34153719	0.52589984	0.14845157	0.00096017	-0.00025991	0.00249234	6.16328193	0.06104871	-1.17822926	0.00024423
0.41350000	2.66517934	0.02291515	42.54843058	0.58067110	0.15091946	0.00102479	0.00086391	0.00289055	6.20891784	0.05865927	-1.18410893	0.00027406
0.41450000	2.64263475	0.01984058	46.46176329	0.57726744	0.15765135	0.00110257	-0.00174787	0.00295742	6.37237515	0.06765666	-1.19037363	0.00025753
0.41550000	2.63430851	0.02505379	49.22137835	0.86085177	0.16289432	0.00154939	-0.00058161	0.00305948	6.48167590	0.06188951	-1.19703537	0.00030775
0.41650000	2.57646813	0.02494610	52.40587110	0.74297378	0.16990961	0.00168990	0.00113468	0.00323358	6.48151272	0.06214446	-1.20342648	0.00031777
0.41750000	2.52545614	0.02301844	55.59418764	0.85977405	0.17660995	0.00142996	-0.00183702	0.00366940	6.73059806	0.06004095	-1.21015111	0.00032393
0.41850000	2.54464035	0.02246040	59.82687025	0.82263815	0.18199098	0.00146846	-0.00168350	0.00413130	6.79730276	0.06629953	-1.21655226	0.00031298
0.41950000	2.45859890	0.02178373	63.89737301	0.77161752	0.19228889	0.00145208	0.00509848	0.00556412	6.91372103	0.06621871	-1.22388689	0.00031530
0.42050000	2.42396210	0.02271907	67.31944580	0.85108277	0.19839037	0.00144413	0.00089263	0.00544921	7.01611640	0.06738534	-1.23044730	0.00029896
0.42150000	2.41627802	0.02521132	71.52259252	1.00617138	0.20364820	0.00174344	-0.00507076	0.00445526	7.21016800	0.07357907	-1.23703256	0.00031903
0.42250000	2.31591941	0.02315811	78.51131403	1.06728529	0.21934084	0.00235804	-0.00276702	0.00647864	7.40220741	0.08196563	-1.24486248	0.00032852
0.42350000	2.28186997	0.02103071	85.86109274	1.03008774	0.23038058	0.00251306	0.00395357	0.00602911	7.70823147	0.07826545	-1.25266985	0.00040695
0.42450000	2.24245709	0.02199297	89.71236377	1.05887653	0.23813806	0.00218494	0.00149939	0.00703062	7.82967555	0.07613116	-1.25973726	0.00037397
0.42550000	2.15932525	0.02070297	98.00583162	1.22930878	0.25473883	0.00238594	0.00640424	0.00714088	8.08602520	0.08821820	-1.26800044	0.00042978
0.42650000	2.09715772	0.02341698	104.43488575	1.46016772	0.26780532	0.00341167	-0.00193202	0.00875020	8.40697950	0.09006912	-1.27672285	0.00063851
0.42750000	2.03766313	0.01988371	111.36215935	1.18771571	0.28169315	0.00241910	-0.00166348	0.01073332	8.70827091	0.09221723	-1.28439211	0.00046642
0.42850000	1.94510740	0.02418961	116.66127907	1.70982645	0.29829348	0.00314537	0.03068400	0.01014267	8.80095700	0.09748316	-1.29296378	0.00055471
0.42950000	1.85791360	0.01989378	127.15187740	1.41469888	0.32355750	0.00353690	0.02527361	0.01271925	9.44233064	0.09962994	-1.30302978	0.00061678
