10 1.0272854440914954 0.0005329532217812
20 1.0083826836063043 0.0001428032968485
30 1.0038682299346833 0.0000539863644210
40 1.0022997115049346 0.0000306947125064
50 1.0014553223886316 0.0000179944100534
60 1.0010691322757375 0.0000128312898504
70 1.0007552468042691 0.0000078744011420
80 1.0005823747213196 0.0000060157935188
90 1.0004524369080776 0.0000049605018639
100 1.0003665860859408 0.0000037474850057
110 1.0002964204221758 0.0000027214864938
120 1.0002466259762071 0.0000022639583617
130 1.0002125359406779 0.0000017318635143
140 1.0001908363521534 0.0000015092496375
150 1.0001661790518779 0.0000016027953050
160 1.0001465383997594 0.0000015995624589
170 1.0001308219697946 0.0000012638743283
180 1.0001150814056003 0.0000011069597689
190 1.0001041514456761 0.0000011683283808
200 1.0000932025463598 0.0000009024154160
