5 1.5897950842320536 0.0052309141540521
6 1.7132163477365721 0.0060096765286730
7 1.8413785830051974 0.0076432454950985
8 1.9974570421845235 0.0083091278460106
9 2.1081198404366930 0.0097847893106083
10 2.2095606952905040 0.0115987089897056
11 2.2982224370388153 0.0117439434462951
12 2.4093598863017007 0.0134836450430952
13 2.4400865689118652 0.0167534000382567
14 2.5146116484896814 0.0162318188580664
15 2.5650177564291843 0.0206067046995949
16 2.6141514463048887 0.0215478239394761
17 2.6608839653200600 0.0192897609513509
18 2.6750841365662521 0.0198052759833449
19 2.7353660120468866 0.0238281597684337
20 2.6995977253176773 0.0193139494887345
21 2.7890345049110095 0.0259553417639906
22 2.7731904393956066 0.0207355743875285
23 2.8243188916231965 0.0231036335224282
24 2.8415329397173417 0.0300831242794807
25 2.8197891750049231 0.0258277610484097
26 2.8507624779115206 0.0219905502866217
27 2.8375926519141945 0.0230512422185160
28 2.8910082315585317 0.0282343245343456
29 2.860657038426927 0.027261433610412972
30 2.8778729449508575 0.0252813953674569
31 2.9140142747474438 0.0312750939467659
32 2.9023233660410770 0.0264125686932978
33 2.9077350905293744 0.0270105722404727
34 2.9256833605653725 0.0271799464600683
35 2.9026161955436072 0.0283091668916620
36 2.9130475300589156 0.0291784852634129
37 2.9042473327891334 0.0306638166157093
38 2.9061840684469962 0.0246316988475969
39 2.9369904780734402 0.0302025324670809
40 2.9225622250619949 0.0285152092350215
41 2.9346126270520818 0.0334195546544659
42 2.9591055749740378 0.0306231840473068
43 2.9675655577761284 0.0329925538654360
44 2.9817215145905527 0.0307049531897537
45 2.9354449220745447 0.0230388570202850
46 2.9949694093012527 0.0333409971642411
47 2.9773035410900821 0.0276769199633007
48 2.9496291762528561 0.0309325197519083
49 2.9680474997326352 0.0269126870130315
50 2.9701763747798831 0.0251985591798183
51 2.9673207081107793 0.0272215262705888
52 2.9390119465620150 0.0297606279579903
53 2.9716693605124060 0.0270871631307982
54 2.9656973456179645 0.0328643126446155
55 2.9466207645599702 0.0270914722337801
56 2.9796251260199549 0.0259341587865269
57 2.9811185524963046 0.0319555559764331
58 2.9948433038441871 0.0304809118301648
59 2.9589159347806264 0.0273550959058897
60 2.9663899725328520 0.0316229506358134
61 2.9801631288152892 0.0300582656711453
62 2.951010043148637 0.029825622892780675
63 3.0190831723447475 0.0302351559208530
64 2.9878040228883473 0.0268733695312787
65 3.0046635521656060 0.0308870306643169
66 2.9973385864252613 0.0295336959778126
67 2.9646581348836736 0.0321214835439241
68 2.9682667009876478 0.0282171771547159
69 2.9827403914733903 0.0276526663107382
