10 1.1201223849676887 0.0016056756632308953
20 1.088517497553634 0.0016604481690963705
30 1.0708000709588923 0.0017315431575159437
40 1.0589590139714617 0.0024979501754901
50 1.0373338874951707 0.0008850914352598
60 1.0320804894825872 0.0013885089351736
70 1.0216662309806430 0.0008860980661513
80 1.0183592397954520 0.0003868999583636
90 1.0128161792183692 0.0003687802434306
100 1.0135979392750900 0.0003229147161309
110 1.0107001775367621 0.00019272045770138212
120 1.0067209081831230 0.0000861531322913
130 1.007005363217574 0.00007702992959255884
140 1.0089715354393534 0.0002113917234756
150 1.00519310194739 0.00008082024880117415
160 1.0044812299955996 0.0000831960253790
170 1.0034004364918476 0.000026738071661989253
180 1.0056597283062889 0.0001350317754870
190 1.002613762460399 0.000019256721732701503
200 1.0043949886579551 0.0001140228580650