# h    #|M_z|
2    -1    -0.947782
2    -0.974684    -0.946437
2    -0.949367    -0.945018
2    -0.924051    -0.943517
2    -0.898734    -0.941927
2    -0.873418    -0.94024
2    -0.848101    -0.938444
2    -0.822785    -0.936528
2    -0.797468    -0.93448
2    -0.772152    -0.932283
2    -0.746835    -0.929921
2    -0.721519    -0.927373
2    -0.696203    -0.924615
2    -0.670886    -0.921619
2    -0.64557    -0.918353
2    -0.620253    -0.914778
2    -0.594937    -0.910849
2    -0.56962    -0.906511
2    -0.544304    -0.901697
2    -0.518987    -0.89633
2    -0.493671    -0.890312
2    -0.468354    -0.883526
2    -0.443038    -0.875825
2    -0.417722    -0.867032
2    -0.392405    -0.856922
2    -0.367089    -0.845213
2    -0.341772    -0.831552
2    -0.316456    -0.81549
2    -0.291139    -0.796457
2    -0.265823    -0.773728
2    -0.240506    -0.746385
2    -0.21519    -0.713271
2    -0.189873    -0.672964
2    -0.164557    -0.623763
2    -0.139241    -0.563763
2    -0.113924    -0.491052
2    -0.0886076    -0.404132
2    -0.0632911    -0.30258
2    -0.0379747    -0.187842
2    -0.0126582    -0.0637489
2    0.0126582    0.0637489
2    0.0379747    0.187842
2    0.0632911    0.30258
2    0.0886076    0.404132
2    0.113924    0.491052
2    0.139241    0.563763
2    0.164557    0.623763
2    0.189873    0.672964
2    0.21519    0.713271
2    0.240506    0.746385
2    0.265823    0.773728
2    0.291139    0.796457
2    0.316456    0.81549
2    0.341772    0.831552
2    0.367089    0.845213
2    0.392405    0.856922
2    0.417722    0.867032
2    0.443038    0.875825
2    0.468354    0.883526
2    0.493671    0.890312
2    0.518987    0.89633
2    0.544304    0.901697
2    0.56962    0.906511
2    0.594937    0.910849
2    0.620253    0.914778
2    0.64557    0.918353
2    0.670886    0.921619
2    0.696203    0.924615
2    0.721519    0.927373
2    0.746835    0.929921
2    0.772152    0.932283
2    0.797468    0.93448
2    0.822785    0.936528
2    0.848101    0.938444
2    0.873418    0.94024
2    0.898734    0.941927
2    0.924051    0.943517
2    0.949367    0.945018
2    0.974684    0.946437
2    1    0.947782
3    -1    -0.953402
3    -0.974684    -0.952491
3    -0.949367    -0.951547
3    -0.924051    -0.950568
3    -0.898734    -0.949552
3    -0.873418    -0.948496
3    -0.848101    -0.947398
3    -0.822785    -0.946253
3    -0.797468    -0.94506
3    -0.772152    -0.943812
3    -0.746835    -0.942507
3    -0.721519    -0.941138
3    -0.696203    -0.939699
3    -0.670886    -0.938184
3    -0.64557    -0.936584
3    -0.620253    -0.934889
3    -0.594937    -0.933088
3    -0.56962    -0.931167
3    -0.544304    -0.929109
3    -0.518987    -0.926894
3    -0.493671    -0.924497
3    -0.468354    -0.921886
3    -0.443038    -0.919021
3    -0.417722    -0.915852
3    -0.392405    -0.912312
3    -0.367089    -0.908313
3    -0.341772    -0.903736
3    -0.316456    -0.898419
3    -0.291139    -0.892133
3    -0.265823    -0.884548
3    -0.240506    -0.875177
3    -0.21519    -0.863278
3    -0.189873    -0.847683
3    -0.164557    -0.826487
3    -0.139241    -0.796471
3    -0.113924    -0.752014
3    -0.0886076    -0.683169
3    -0.0632911    -0.573011
3    -0.0379747    -0.398021
3    -0.0126582    -0.145693
3    0.0126582    0.145693
3    0.0379747    0.398021
3    0.0632911    0.573011
3    0.0886076    0.683169
3    0.113924    0.752014
3    0.139241    0.796471
3    0.164557    0.826487
3    0.189873    0.847683
3    0.21519    0.863278
3    0.240506    0.875177
3    0.265823    0.884548
3    0.291139    0.892133
3    0.316456    0.898419
3    0.341772    0.903736
3    0.367089    0.908313
3    0.392405    0.912312
3    0.417722    0.915852
3    0.443038    0.919021
3    0.468354    0.921886
3    0.493671    0.924497
3    0.518987    0.926894
3    0.544304    0.929109
3    0.56962    0.931167
3    0.594937    0.933088
3    0.620253    0.934889
3    0.64557    0.936584
3    0.670886    0.938184
3    0.696203    0.939699
3    0.721519    0.941138
3    0.746835    0.942507
3    0.772152    0.943812
3    0.797468    0.94506
3    0.822785    0.946253
3    0.848101    0.947398
3    0.873418    0.948496
3    0.898734    0.949552
3    0.924051    0.950568
3    0.949367    0.951547
3    0.974684    0.952491
3    1    0.953402
4    -1    -0.953646
4    -0.974684    -0.952763
4    -0.949367    -0.951849
4    -0.924051    -0.950905
4    -0.898734    -0.949929
4    -0.873418    -0.948918
4    -0.848101    -0.947871
4    -0.822785    -0.946785
4    -0.797468    -0.945659
4    -0.772152    -0.944489
4    -0.746835    -0.943272
4    -0.721519    -0.942006
4    -0.696203    -0.940686
4    -0.670886    -0.939309
4    -0.64557    -0.937871
4    -0.620253    -0.936365
4    -0.594937    -0.934786
4    -0.56962    -0.933128
4    -0.544304    -0.931382
4    -0.518987    -0.92954
4    -0.493671    -0.92759
4    -0.468354    -0.925519
4    -0.443038    -0.923311
4    -0.417722    -0.920945
4    -0.392405    -0.918398
4    -0.367089    -0.915635
4    -0.341772    -0.912615
4    -0.316456    -0.909278
4    -0.291139    -0.905545
4    -0.265823    -0.901297
4    -0.240506    -0.896362
4    -0.21519    -0.890466
4    -0.189873    -0.883164
4    -0.164557    -0.873676
4    -0.139241    -0.860546
4    -0.113924    -0.840795
4    -0.0886076    -0.807657
4    -0.0632911    -0.743724
4    -0.0379747    -0.599597
4    -0.0126582    -0.259424
4    0.0126582    0.259424
4    0.0379747    0.599597
4    0.0632911    0.743724
4    0.0886076    0.807657
4    0.113924    0.840795
4    0.139241    0.860546
4    0.164557    0.873676
4    0.189873    0.883164
4    0.21519    0.890466
4    0.240506    0.896362
4    0.265823    0.901297
4    0.291139    0.905545
4    0.316456    0.909278
4    0.341772    0.912615
4    0.367089    0.915635
4    0.392405    0.918398
4    0.417722    0.920945
4    0.443038    0.923311
4    0.468354    0.925519
4    0.493671    0.92759
4    0.518987    0.92954
4    0.544304    0.931382
4    0.56962    0.933128
4    0.594937    0.934786
4    0.620253    0.936365
4    0.64557    0.937871
4    0.670886    0.939309
4    0.696203    0.940686
4    0.721519    0.942006
4    0.746835    0.943272
4    0.772152    0.944489
4    0.797468    0.945659
4    0.822785    0.946785
4    0.848101    0.947871
4    0.873418    0.948918
4    0.898734    0.949929
4    0.924051    0.950905
4    0.949367    0.951849
4    0.974684    0.952763
4    1    0.953646
5    -1    -0.953659
5    -0.974684    -0.952777
5    -0.949367    -0.951866
5    -0.924051    -0.950924
5    -0.898734    -0.949951
5    -0.873418    -0.948943
5    -0.848101    -0.9479
5    -0.822785    -0.946819
5    -0.797468    -0.945699
5    -0.772152    -0.944535
5    -0.746835    -0.943327
5    -0.721519    -0.94207
5    -0.696203    -0.940762
5    -0.670886    -0.9394
5    -0.64557    -0.937978
5    -0.620253    -0.936494
5    -0.594937    -0.934941
5    -0.56962    -0.933314
5    -0.544304    -0.931608
5    -0.518987    -0.929814
5    -0.493671    -0.927925
5    -0.468354    -0.925931
5    -0.443038    -0.92382
5    -0.417722    -0.92158
5    -0.392405    -0.919194
5    -0.367089    -0.916642
5    -0.341772    -0.9139
5    -0.316456    -0.910937
5    -0.291139    -0.907709
5    -0.265823    -0.904159
5    -0.240506    -0.900208
5    -0.21519    -0.895731
5    -0.189873    -0.890535
5    -0.164557    -0.884286
5    -0.139241    -0.876362
5    -0.113924    -0.865453
5    -0.0886076    -0.84837
5    -0.0632911    -0.8156
5    -0.0379747    -0.729353
5    -0.0126582    -0.394594
5    0.0126582    0.394594
5    0.0379747    0.729353
5    0.0632911    0.8156
5    0.0886076    0.84837
5    0.113924    0.865453
5    0.139241    0.876362
5    0.164557    0.884286
5    0.189873    0.890535
5    0.21519    0.895731
5    0.240506    0.900208
5    0.265823    0.904159
5    0.291139    0.907709
5    0.316456    0.910937
5    0.341772    0.9139
5    0.367089    0.916642
5    0.392405    0.919194
5    0.417722    0.92158
5    0.443038    0.92382
5    0.468354    0.925931
5    0.493671    0.927925
5    0.518987    0.929814
5    0.544304    0.931608
5    0.56962    0.933314
5    0.594937    0.934941
5    0.620253    0.936494
5    0.64557    0.937978
5    0.670886    0.9394
5    0.696203    0.940762
5    0.721519    0.94207
5    0.746835    0.943327
5    0.772152    0.944535
5    0.797468    0.945699
5    0.822785    0.946819
5    0.848101    0.9479
5    0.873418    0.948943
5    0.898734    0.949951
5    0.924051    0.950924
5    0.949367    0.951866
5    0.974684    0.952777
5    1    0.953659
6    -1    -0.953659
6    -0.974684    -0.952777
6    -0.949367    -0.951867
6    -0.924051    -0.950925
6    -0.898734    -0.949952
6    -0.873418    -0.948945
6    -0.848101    -0.947902
6    -0.822785    -0.946822
6    -0.797468    -0.945701
6    -0.772152    -0.944539
6    -0.746835    -0.943331
6    -0.721519    -0.942075
6    -0.696203    -0.940769
6    -0.670886    -0.939408
6    -0.64557    -0.937988
6    -0.620253    -0.936506
6    -0.594937    -0.934956
6    -0.56962    -0.933333
6    -0.544304    -0.931632
6    -0.518987    -0.929845
6    -0.493671    -0.927964
6    -0.468354    -0.925981
6    -0.443038    -0.923886
6    -0.417722    -0.921666
6    -0.392405    -0.919307
6    -0.367089    -0.916794
6    -0.341772    -0.914105
6    -0.316456    -0.911215
6    -0.291139    -0.908093
6    -0.265823    -0.904699
6    -0.240506    -0.900978
6    -0.21519    -0.896855
6    -0.189873    -0.892217
6    -0.164557    -0.886883
6    -0.139241    -0.880536
6    -0.113924    -0.872537
6    -0.0886076    -0.861351
6    -0.0632911    -0.842254
6    -0.0379747    -0.793728
6    -0.0126582    -0.528803
6    0.0126582    0.528803
6    0.0379747    0.793728
6    0.0632911    0.842254
6    0.0886076    0.861351
6    0.113924    0.872537
6    0.139241    0.880536
6    0.164557    0.886883
6    0.189873    0.892217
6    0.21519    0.896855
6    0.240506    0.900978
6    0.265823    0.904699
6    0.291139    0.908093
6    0.316456    0.911215
6    0.341772    0.914105
6    0.367089    0.916794
6    0.392405    0.919307
6    0.417722    0.921666
6    0.443038    0.923886
6    0.468354    0.925981
6    0.493671    0.927964
6    0.518987    0.929845
6    0.544304    0.931632
6    0.56962    0.933333
6    0.594937    0.934956
6    0.620253    0.936506
6    0.64557    0.937988
6    0.670886    0.939408
6    0.696203    0.940769
6    0.721519    0.942075
6    0.746835    0.943331
6    0.772152    0.944539
6    0.797468    0.945701
6    0.822785    0.946822
6    0.848101    0.947902
6    0.873418    0.948945
6    0.898734    0.949952
6    0.924051    0.950925
6    0.949367    0.951867
6    0.974684    0.952777
6    1    0.953659
7    -1    -0.953659
7    -0.974684    -0.952777
7    -0.949367    -0.951867
7    -0.924051    -0.950925
7    -0.898734    -0.949952
7    -0.873418    -0.948945
7    -0.848101    -0.947902
7    -0.822785    -0.946822
7    -0.797468    -0.945702
7    -0.772152    -0.944539
7    -0.746835    -0.943331
7    -0.721519    -0.942076
7    -0.696203    -0.940769
7    -0.670886    -0.939408
7    -0.64557    -0.937989
7    -0.620253    -0.936507
7    -0.594937    -0.934957
7    -0.56962    -0.933335
7    -0.544304    -0.931634
7    -0.518987    -0.929848
7    -0.493671    -0.927969
7    -0.468354    -0.925988
7    -0.443038    -0.923894
7    -0.417722    -0.921678
7    -0.392405    -0.919324
7    -0.367089    -0.916818
7    -0.341772    -0.914138
7    -0.316456    -0.911264
7    -0.291139    -0.908165
7    -0.265823    -0.904806
7    -0.240506    -0.901142
7    -0.21519    -0.89711
7    -0.189873    -0.892625
7    -0.164557    -0.88756
7    -0.139241    -0.881711
7    -0.113924    -0.8747
7    -0.0886076    -0.865686
7    -0.0632911    -0.852191
7    -0.0379747    -0.822612
7    -0.0126582    -0.638765
7    0.0126582    0.638765
7    0.0379747    0.822612
7    0.0632911    0.852191
7    0.0886076    0.865686
7    0.113924    0.8747
7    0.139241    0.881711
7    0.164557    0.88756
7    0.189873    0.892625
7    0.21519    0.89711
7    0.240506    0.901142
7    0.265823    0.904806
7    0.291139    0.908165
7    0.316456    0.911264
7    0.341772    0.914138
7    0.367089    0.916818
7    0.392405    0.919324
7    0.417722    0.921678
7    0.443038    0.923894
7    0.468354    0.925988
7    0.493671    0.927969
7    0.518987    0.929848
7    0.544304    0.931634
7    0.56962    0.933335
7    0.594937    0.934957
7    0.620253    0.936507
7    0.64557    0.937989
7    0.670886    0.939408
7    0.696203    0.940769
7    0.721519    0.942076
7    0.746835    0.943331
7    0.772152    0.944539
7    0.797468    0.945702
7    0.822785    0.946822
7    0.848101    0.947902
7    0.873418    0.948945
7    0.898734    0.949952
7    0.924051    0.950925
7    0.949367    0.951867
7    0.974684    0.952777
7    1    0.953659
8    -1    -0.953659
8    -0.974684    -0.952777
8    -0.949367    -0.951867
8    -0.924051    -0.950925
8    -0.898734    -0.949952
8    -0.873418    -0.948945
8    -0.848101    -0.947902
8    -0.822785    -0.946822
8    -0.797468    -0.945702
8    -0.772152    -0.944539
8    -0.746835    -0.943331
8    -0.721519    -0.942076
8    -0.696203    -0.940769
8    -0.670886    -0.939408
8    -0.64557    -0.937989
8    -0.620253    -0.936507
8    -0.594937    -0.934957
8    -0.56962    -0.933335
8    -0.544304    -0.931635
8    -0.518987    -0.929848
8    -0.493671    -0.927969
8    -0.468354    -0.925988
8    -0.443038    -0.923896
8    -0.417722    -0.92168
8    -0.392405    -0.919327
8    -0.367089    -0.916821
8    -0.341772    -0.914144
8    -0.316456    -0.911273
8    -0.291139    -0.908179
8    -0.265823    -0.904828
8    -0.240506    -0.901178
8    -0.21519    -0.897169
8    -0.189873    -0.892728
8    -0.164557    -0.887744
8    -0.139241    -0.882056
8    -0.113924    -0.875391
8    -0.0886076    -0.867201
8    -0.0632911    -0.856032
8    -0.0379747    -0.835416
8    -0.0126582    -0.715113
8    0.0126582    0.715113
8    0.0379747    0.835416
8    0.0632911    0.856032
8    0.0886076    0.867201
8    0.113924    0.875391
8    0.139241    0.882056
8    0.164557    0.887744
8    0.189873    0.892728
8    0.21519    0.897169
8    0.240506    0.901178
8    0.265823    0.904828
8    0.291139    0.908179
8    0.316456    0.911273
8    0.341772    0.914144
8    0.367089    0.916821
8    0.392405    0.919327
8    0.417722    0.92168
8    0.443038    0.923896
8    0.468354    0.925988
8    0.493671    0.927969
8    0.518987    0.929848
8    0.544304    0.931635
8    0.56962    0.933335
8    0.594937    0.934957
8    0.620253    0.936507
8    0.64557    0.937989
8    0.670886    0.939408
8    0.696203    0.940769
8    0.721519    0.942076
8    0.746835    0.943331
8    0.772152    0.944539
8    0.797468    0.945702
8    0.822785    0.946822
8    0.848101    0.947902
8    0.873418    0.948945
8    0.898734    0.949952
8    0.924051    0.950925
8    0.949367    0.951867
8    0.974684    0.952777
8    1    0.953659
9    -1    -0.953659
9    -0.974684    -0.952777
9    -0.949367    -0.951867
9    -0.924051    -0.950925
9    -0.898734    -0.949952
9    -0.873418    -0.948945
9    -0.848101    -0.947902
9    -0.822785    -0.946822
9    -0.797468    -0.945702
9    -0.772152    -0.944539
9    -0.746835    -0.943331
9    -0.721519    -0.942076
9    -0.696203    -0.940769
9    -0.670886    -0.939408
9    -0.64557    -0.937989
9    -0.620253    -0.936507
9    -0.594937    -0.934957
9    -0.56962    -0.933335
9    -0.544304    -0.931635
9    -0.518987    -0.929848
9    -0.493671    -0.927969
9    -0.468354    -0.925988
9    -0.443038    -0.923896
9    -0.417722    -0.92168
9    -0.392405    -0.919327
9    -0.367089    -0.916822
9    -0.341772    -0.914145
9    -0.316456    -0.911274
9    -0.291139    -0.908182
9    -0.265823    -0.904833
9    -0.240506    -0.901185
9    -0.21519    -0.897184
9    -0.189873    -0.892754
9    -0.164557    -0.887795
9    -0.139241    -0.882161
9    -0.113924    -0.875618
9    -0.0886076    -0.867749
9    -0.0632911    -0.85757
9    -0.0379747    -0.8412
9    -0.0126582    -0.762521
9    0.0126582    0.762521
9    0.0379747    0.8412
9    0.0632911    0.85757
9    0.0886076    0.867749
9    0.113924    0.875618
9    0.139241    0.882161
9    0.164557    0.887795
9    0.189873    0.892754
9    0.21519    0.897184
9    0.240506    0.901185
9    0.265823    0.904833
9    0.291139    0.908182
9    0.316456    0.911274
9    0.341772    0.914145
9    0.367089    0.916822
9    0.392405    0.919327
9    0.417722    0.92168
9    0.443038    0.923896
9    0.468354    0.925988
9    0.493671    0.927969
9    0.518987    0.929848
9    0.544304    0.931635
9    0.56962    0.933335
9    0.594937    0.934957
9    0.620253    0.936507
9    0.64557    0.937989
9    0.670886    0.939408
9    0.696203    0.940769
9    0.721519    0.942076
9    0.746835    0.943331
9    0.772152    0.944539
9    0.797468    0.945702
9    0.822785    0.946822
9    0.848101    0.947902
9    0.873418    0.948945
9    0.898734    0.949952
9    0.924051    0.950925
9    0.949367    0.951867
9    0.974684    0.952777
9    1    0.953659
10    -1    -0.953659
10    -0.974684    -0.952777
10    -0.949367    -0.951867
10    -0.924051    -0.950925
10    -0.898734    -0.949952
10    -0.873418    -0.948945
10    -0.848101    -0.947902
10    -0.822785    -0.946822
10    -0.797468    -0.945702
10    -0.772152    -0.944539
10    -0.746835    -0.943331
10    -0.721519    -0.942076
10    -0.696203    -0.940769
10    -0.670886    -0.939408
10    -0.64557    -0.937989
10    -0.620253    -0.936507
10    -0.594937    -0.934957
10    -0.56962    -0.933335
10    -0.544304    -0.931635
10    -0.518987    -0.929848
10    -0.493671    -0.927969
10    -0.468354    -0.925988
10    -0.443038    -0.923896
10    -0.417722    -0.92168
10    -0.392405    -0.919327
10    -0.367089    -0.916822
10    -0.341772    -0.914145
10    -0.316456    -0.911275
10    -0.291139    -0.908182
10    -0.265823    -0.904834
10    -0.240506    -0.901187
10    -0.21519    -0.897187
10    -0.189873    -0.892761
10    -0.164557    -0.88781
10    -0.139241    -0.882193
10    -0.113924    -0.875695
10    -0.0886076    -0.867952
10    -0.0632911    -0.858203
10    -0.0379747    -0.84388
10    -0.0126582    -0.790276
10    0.0126582    0.790276
10    0.0379747    0.84388
10    0.0632911    0.858203
10    0.0886076    0.867952
10    0.113924    0.875695
10    0.139241    0.882193
10    0.164557    0.88781
10    0.189873    0.892761
10    0.21519    0.897187
10    0.240506    0.901187
10    0.265823    0.904834
10    0.291139    0.908182
10    0.316456    0.911275
10    0.341772    0.914145
10    0.367089    0.916822
10    0.392405    0.919327
10    0.417722    0.92168
10    0.443038    0.923896
10    0.468354    0.925988
10    0.493671    0.927969
10    0.518987    0.929848
10    0.544304    0.931635
10    0.56962    0.933335
10    0.594937    0.934957
10    0.620253    0.936507
10    0.64557    0.937989
10    0.670886    0.939408
10    0.696203    0.940769
10    0.721519    0.942076
10    0.746835    0.943331
10    0.772152    0.944539
10    0.797468    0.945702
10    0.822785    0.946822
10    0.848101    0.947902
10    0.873418    0.948945
10    0.898734    0.949952
10    0.924051    0.950925
10    0.949367    0.951867
10    0.974684    0.952777
10    1    0.953659
11    -1    -0.953659
11    -0.974684    -0.952777
11    -0.949367    -0.951867
11    -0.924051    -0.950925
11    -0.898734    -0.949952
11    -0.873418    -0.948945
11    -0.848101    -0.947902
11    -0.822785    -0.946822
11    -0.797468    -0.945702
11    -0.772152    -0.944539
11    -0.746835    -0.943331
11    -0.721519    -0.942076
11    -0.696203    -0.940769
11    -0.670886    -0.939408
11    -0.64557    -0.937989
11    -0.620253    -0.936507
11    -0.594937    -0.934957
11    -0.56962    -0.933335
11    -0.544304    -0.931635
11    -0.518987    -0.929848
11    -0.493671    -0.927969
11    -0.468354    -0.925988
11    -0.443038    -0.923896
11    -0.417722    -0.92168
11    -0.392405    -0.919327
11    -0.367089    -0.916822
11    -0.341772    -0.914145
11    -0.316456    -0.911275
11    -0.291139    -0.908182
11    -0.265823    -0.904834
11    -0.240506    -0.901188
11    -0.21519    -0.897188
11    -0.189873    -0.892763
11    -0.164557    -0.887814
11    -0.139241    -0.882203
11    -0.113924    -0.875721
11    -0.0886076    -0.868029
11    -0.0632911    -0.858469
11    -0.0379747    -0.84515
11    -0.0126582    -0.806163
11    0.0126582    0.806163
11    0.0379747    0.84515
11    0.0632911    0.858469
11    0.0886076    0.868029
11    0.113924    0.875721
11    0.139241    0.882203
11    0.164557    0.887814
11    0.189873    0.892763
11    0.21519    0.897188
11    0.240506    0.901188
11    0.265823    0.904834
11    0.291139    0.908182
11    0.316456    0.911275
11    0.341772    0.914145
11    0.367089    0.916822
11    0.392405    0.919327
11    0.417722    0.92168
11    0.443038    0.923896
11    0.468354    0.925988
11    0.493671    0.927969
11    0.518987    0.929848
11    0.544304    0.931635
11    0.56962    0.933335
11    0.594937    0.934957
11    0.620253    0.936507
11    0.64557    0.937989
11    0.670886    0.939408
11    0.696203    0.940769
11    0.721519    0.942076
11    0.746835    0.943331
11    0.772152    0.944539
11    0.797468    0.945702
11    0.822785    0.946822
11    0.848101    0.947902
11    0.873418    0.948945
11    0.898734    0.949952
11    0.924051    0.950925
11    0.949367    0.951867
11    0.974684    0.952777
11    1    0.953659
12    -1    -0.953659
12    -0.974684    -0.952777
12    -0.949367    -0.951867
12    -0.924051    -0.950925
12    -0.898734    -0.949952
12    -0.873418    -0.948945
12    -0.848101    -0.947902
12    -0.822785    -0.946822
12    -0.797468    -0.945702
12    -0.772152    -0.944539
12    -0.746835    -0.943331
12    -0.721519    -0.942076
12    -0.696203    -0.940769
12    -0.670886    -0.939408
12    -0.64557    -0.937989
12    -0.620253    -0.936507
12    -0.594937    -0.934957
12    -0.56962    -0.933335
12    -0.544304    -0.931635
12    -0.518987    -0.929848
12    -0.493671    -0.927969
12    -0.468354    -0.925988
12    -0.443038    -0.923896
12    -0.417722    -0.92168
12    -0.392405    -0.919327
12    -0.367089    -0.916822
12    -0.341772    -0.914145
12    -0.316456    -0.911275
12    -0.291139    -0.908182
12    -0.265823    -0.904834
12    -0.240506    -0.901188
12    -0.21519    -0.897188
12    -0.189873    -0.892763
12    -0.164557    -0.887815
12    -0.139241    -0.882206
12    -0.113924    -0.87573
12    -0.0886076    -0.868058
12    -0.0632911    -0.858582
12    -0.0379747    -0.845764
12    -0.0126582    -0.815236
12    0.0126582    0.815236
12    0.0379747    0.845764
12    0.0632911    0.858582
12    0.0886076    0.868058
12    0.113924    0.87573
12    0.139241    0.882206
12    0.164557    0.887815
12    0.189873    0.892763
12    0.21519    0.897188
12    0.240506    0.901188
12    0.265823    0.904834
12    0.291139    0.908182
12    0.316456    0.911275
12    0.341772    0.914145
12    0.367089    0.916822
12    0.392405    0.919327
12    0.417722    0.92168
12    0.443038    0.923896
12    0.468354    0.925988
12    0.493671    0.927969
12    0.518987    0.929848
12    0.544304    0.931635
12    0.56962    0.933335
12    0.594937    0.934957
12    0.620253    0.936507
12    0.64557    0.937989
12    0.670886    0.939408
12    0.696203    0.940769
12    0.721519    0.942076
12    0.746835    0.943331
12    0.772152    0.944539
12    0.797468    0.945702
12    0.822785    0.946822
12    0.848101    0.947902
12    0.873418    0.948945
12    0.898734    0.949952
12    0.924051    0.950925
12    0.949367    0.951867
12    0.974684    0.952777
12    1    0.953659
