# h    #|M_z|
2    0    1
2    0.0512821    0.999344
2    0.102564    0.997391
2    0.153846    0.994186
2    0.205128    0.989801
2    0.25641    0.984332
2    0.307692    0.97789
2    0.358974    0.970597
2    0.410256    0.962584
2    0.461538    0.95398
2    0.512821    0.944909
2    0.564103    0.935489
2    0.615385    0.925829
2    0.666667    0.916025
2    0.717949    0.906162
2    0.769231    0.896312
2    0.820513    0.886537
2    0.871795    0.876886
2    0.923077    0.867402
2    0.974359    0.858115
2    1.02564    0.84905
2    1.07692    0.840226
2    1.12821    0.831654
2    1.17949    0.823343
2    1.23077    0.815296
2    1.28205    0.807516
2    1.33333    0.8
2    1.38462    0.792745
2    1.4359    0.785747
2    1.48718    0.778999
2    1.53846    0.772494
2    1.58974    0.766226
2    1.64103    0.760185
2    1.69231    0.754365
2    1.74359    0.748756
2    1.79487    0.743351
2    1.84615    0.738142
2    1.89744    0.73312
2    1.94872    0.728277
2    2    0.723607
3    0    1
3    0.0512821    0.999654
3    0.102564    0.998549
3    0.153846    0.996581
3    0.205128    0.993655
3    0.25641    0.989686
3    0.307692    0.984607
3    0.358974    0.978376
3    0.410256    0.970983
3    0.461538    0.962452
3    0.512821    0.952843
3    0.564103    0.942251
3    0.615385    0.930802
3    0.666667    0.918643
3    0.717949    0.905937
3    0.769231    0.89285
3    0.820513    0.879548
3    0.871795    0.866181
3    0.923077    0.852887
3    0.974359    0.839783
3    1.02564    0.826966
3    1.07692    0.814511
3    1.12821    0.802476
3    1.17949    0.790899
3    1.23077    0.779807
3    1.28205    0.769212
3    1.33333    0.759117
3    1.38462    0.749516
3    1.4359    0.740399
3    1.48718    0.731751
3    1.53846    0.723555
3    1.58974    0.715789
3    1.64103    0.708433
3    1.69231    0.701466
3    1.74359    0.694867
3    1.79487    0.688613
3    1.84615    0.682686
3    1.89744    0.677064
3    1.94872    0.671731
3    2    0.666667
4    0    1
4    0.0512821    0.99967
4    0.102564    0.998663
4    0.153846    0.996928
4    0.205128    0.994385
4    0.25641    0.990923
4    0.307692    0.986406
4    0.358974    0.980684
4    0.410256    0.973599
4    0.461538    0.965004
4    0.512821    0.954776
4    0.564103    0.942842
4    0.615385    0.929191
4    0.666667    0.913888
4    0.717949    0.897083
4    0.769231    0.879
4    0.820513    0.859924
4    0.871795    0.840179
4    0.923077    0.820097
4    0.974359    0.799996
4    1.02564    0.78016
4    1.07692    0.760823
4    1.12821    0.742168
4    1.17949    0.724327
4    1.23077    0.707384
4    1.28205    0.691382
4    1.33333    0.676335
4    1.38462    0.662231
4    1.4359    0.64904
4    1.48718    0.636724
4    1.53846    0.625234
4    1.58974    0.614519
4    1.64103    0.604527
4    1.69231    0.595207
4    1.74359    0.586507
4    1.79487    0.578381
4    1.84615    0.570783
4    1.89744    0.563673
4    1.94872    0.55701
4    2    0.55076
5    0    1
5    0.0512821    0.999671
5    0.102564    0.998677
5    0.153846    0.996998
5    0.205128    0.994589
5    0.25641    0.99138
5    0.307692    0.987267
5    0.358974    0.98211
5    0.410256    0.975735
5    0.461538    -10
5    0.512821    0.958489
5    0.564103    0.947171
5    0.615385    0.933792
5    0.666667    0.918233
5    0.717949    0.900484
5    0.769231    0.880677
5    0.820513    0.859092
5    0.871795    0.836148
5    0.923077    0.812353
5    0.974359    0.788249
5    1.02564    0.764355
5    1.07692    0.741111
5    1.12821    0.71886
5    1.17949    0.697837
5    1.23077    0.678179
5    1.28205    0.659939
5    1.33333    0.643111
5    1.38462    0.627646
5    1.4359    0.613468
5    1.48718    0.600485
5    1.53846    0.5886
5    1.58974    0.577717
5    1.64103    0.567742
5    1.69231    0.558588
5    1.74359    0.550174
5    1.79487    0.542427
5    1.84615    0.535281
5    1.89744    0.528676
5    1.94872    0.522559
5    2    0.516883
6    0    1
6    0.0512821    0.999671
6    0.102564    0.998679
6    0.153846    0.997008
6    0.205128    0.994629
6    0.25641    0.991492
6    0.307692    -10
6    0.358974    0.982587
6    0.410256    0.976539
6    0.461538    0.969153
6    0.512821    0.96015
6    0.564103    0.949196
6    0.615385    0.935927
6    0.666667    0.91999
6    0.717949    0.901112
6    0.769231    0.879185
6    0.820513    0.854344
6    0.871795    0.827016
6    0.923077    0.79789
6    0.974359    0.767829
6    1.02564    0.737734
6    1.07692    0.708415
6    1.12821    0.680503
6    1.17949    0.654414
6    1.23077    0.630369
6    1.28205    0.608427
6    1.33333    0.58854
6    1.38462    0.570586
6    1.4359    0.55441
6    1.48718    0.53984
6    1.53846    0.526709
6    1.58974    0.514855
6    1.64103    0.504131
6    1.69231    0.494407
6    1.74359    0.485563
6    1.79487    0.4775
6    1.84615    0.470125
6    1.89744    0.463362
6    1.94872    0.457142
6    2    0.451406
7    0    1
7    0.0512821    0.999671
7    0.102564    0.998679
7    0.153846    0.99701
7    0.205128    0.994638
7    0.25641    0.991524
7    0.307692    0.987605
7    0.358974    0.98279
7    0.410256    0.976946
7    0.461538    0.969879
7    0.512821    0.961326
7    0.564103    0.950936
7    0.615385    0.938273
7    0.666667    0.922838
7    0.717949    0.904132
7    0.769231    0.881766
7    0.820513    0.85562
7    0.871795    0.825981
7    0.923077    0.793611
7    0.974359    0.759662
7    1.02564    0.725458
7    1.07692    0.692232
7    1.12821    0.660929
7    1.17949    0.632135
7    1.23077    0.606104
7    1.28205    0.58284
7    1.33333    0.56219
7    1.38462    0.543921
7    1.4359    0.527768
7    1.48718    0.513471
7    1.53846    0.500784
7    1.58974    0.489491
7    1.64103    0.479403
7    1.69231    0.470354
7    1.74359    0.462206
7    1.79487    0.454841
7    1.84615    0.448156
7    1.89744    0.442066
7    1.94872    0.436499
7    2    0.431392
8    0    1
8    0.0512821    0.999671
8    0.102564    0.998679
8    0.153846    0.99701
8    0.205128    0.99464
8    0.25641    0.991532
8    0.307692    0.987632
8    0.358974    0.982861
8    0.410256    0.977104
8    0.461538    0.970195
8    0.512821    0.961888
8    0.564103    0.951835
8    0.615385    0.939562
8    0.666667    0.924455
8    0.717949    0.905794
8    0.769231    0.882862
8    0.820513    0.855151
8    0.871795    0.822644
8    0.923077    0.786057
8    0.974359    0.746846
8    1.02564    0.706913
8    1.07692    0.668123
8    1.12821    0.631902
8    1.17949    0.599074
8    1.23077    0.569924
8    1.28205    0.544363
8    1.33333    0.522088
8    1.38462    0.502715
8    1.4359    0.485845
8    1.48718    0.47111
8    1.53846    0.458184
8    1.58974    0.446789
8    1.64103    0.436692
8    1.69231    0.427698
8    1.74359    0.419644
8    1.79487    0.412398
8    1.84615    0.405847
8    1.89744    0.399898
8    1.94872    0.394473
8    2    0.389507
9    0    1
9    0.0512821    0.999671
9    0.102564    0.998679
9    0.153846    0.99701
9    0.205128    0.994641
9    0.25641    0.991534
9    0.307692    0.98764
9    0.358974    0.982888
9    0.410256    0.977176
9    0.461538    0.970359
9    0.512821    0.962222
9    0.564103    0.952448
9    0.615385    0.940578
9    0.666667    0.92597
9    0.717949    0.907791
9    0.769231    0.885075
9    0.820513    0.856941
9    0.871795    0.822982
9    0.923077    0.783721
9    0.974359    0.740828
9    1.02564    0.696797
9    1.07692    0.654187
9    1.12821    0.614918
9    1.17949    0.579995
9    1.23077    0.549641
9    1.28205    0.523586
9    1.33333    0.501328
9    1.38462    0.482309
9    1.4359    0.465998
9    1.48718    0.451936
9    1.53846    0.439735
9    1.58974    0.429077
9    1.64103    0.419704
9    1.69231    0.411408
9    1.74359    0.404019
9    1.79487    0.397399
9    1.84615    0.391437
9    1.89744    0.386039
9    1.94872    0.381129
9    2    0.376644
10    0    1
10    0.0512821    0.999671
10    0.102564    0.998679
10    0.153846    0.99701
10    0.205128    0.994641
10    0.25641    -10
10    0.307692    0.987643
10    0.358974    0.982898
10    0.410256    0.977205
10    0.461538    0.970433
10    0.512821    0.962386
10    0.564103    0.952776
10    0.615385    0.941162
10    0.666667    0.926896
10    0.717949    0.909054
10    0.769231    0.886443
10    0.820513    0.857766
10    0.871795    0.822083
10    0.923077    0.779539
10    0.974359    0.731939
10    1.02564    0.6825
10    1.07692    0.634726
10    1.12821    0.591212
10    1.17949    0.553193
10    1.23077    0.52079
10    1.28205    0.493495
10    1.33333    0.470564
10    1.38462    0.451242
10    1.4359    0.434861
10    1.48718    0.420867
10    1.53846    0.40881
10    1.58974    0.398337
10    1.64103    0.389164
10    1.69231    0.381071
10    1.74359    0.373879
10    1.79487    0.367446
10    1.84615    0.361658
10    1.89744    0.356421
10    1.94872    0.351661
10    2    0.347313
11    0    1
11    0.0512821    0.999671
11    0.102564    0.998679
11    0.153846    0.99701
11    0.205128    0.994641
11    0.25641    0.991535
11    0.307692    0.987644
11    0.358974    0.982901
11    0.410256    0.977218
11    0.461538    0.970469
11    0.512821    0.962478
11    0.564103    0.952982
11    0.615385    0.941575
11    0.666667    0.927637
11    0.717949    0.910233
11    0.769231    0.888044
11    0.820513    -10
11    0.871795    0.823011
11    0.923077    0.778369
11    0.974359    0.727332
11    1.02564    0.673829
11    1.07692    0.62237
11    1.12821    0.57622
11    1.17949    0.536731
11    1.23077    0.503802
11    1.28205    0.476614
11    1.33333    0.454161
11    1.38462    0.435506
11    1.4359    0.419867
11    1.48718    0.406624
11    1.53846    0.395293
11    1.58974    0.385503
11    1.64103    0.376966
11    1.69231    0.369457
11    1.74359    0.362801
11    1.79487    0.35686
11    1.84615    0.351524
11    1.89744    0.346702
11    1.94872    0.342323
11    2    0.338327
12    0    1
12    0.0512821    0.999671
12    0.102564    0.998679
12    0.153846    0.99701
12    0.205128    0.994641
12    0.25641    0.991535
12    0.307692    0.987644
12    0.358974    0.982903
12    0.410256    0.977223
12    0.461538    0.970485
12    0.512821    0.962524
12    0.564103    0.953093
12    0.615385    -10
12    0.666667    0.928104
12    0.717949    0.911015
12    0.769231    -10
12    0.820513    0.860542
12    0.871795    0.823188
12    0.923077    0.776059
12    0.974359    0.720794
12    1.02564    0.662123
12    1.07692    0.605848
12    1.12821    0.556092
12    1.17949    0.514338
12    1.23077    0.480197
12    1.28205    0.452487
12    1.33333    0.429917
12    1.38462    0.41136
12    1.4359    0.395924
12    1.48718    0.382924
12    1.53846    0.371845
12    1.58974    0.362296
12    1.64103    0.353983
12    1.69231    0.346679
12    1.74359    0.340208
12    1.79487    0.334433
12    1.84615    0.329244
12    1.89744    0.324555
12    1.94872    0.320295
12    2    0.316405
13    0    1
13    0.0512821    0.999671
13    0.102564    0.998679
13    0.153846    0.99701
13    0.205128    0.994641
13    0.25641    0.991535
13    0.307692    0.987644
13    0.358974    0.982903
13    0.410256    0.977225
13    0.461538    0.970493
13    0.512821    0.962549
13    0.564103    0.953161
13    0.615385    0.941981
13    0.666667    0.928452
13    0.717949    0.911675
13    0.769231    0.890207
13    0.820513    0.861933
13    0.871795    0.824309
13    0.923077    0.775612
13    0.974359    0.717174
13    1.02564    0.654484
13    1.07692    0.594692
13    1.12821    0.542738
13    1.17949    0.500085
13    1.23077    0.465934
13    1.28205    0.438701
13    1.33333    0.416824
13    1.38462    0.399025
13    1.4359    0.384332
13    1.48718    0.372028
13    1.53846    0.361584
13    1.58974    0.35261
13    1.64103    0.344814
13    1.69231    0.337975
13    1.74359    0.331924
13    1.79487    0.326528
13    1.84615    0.321684
13    1.89744    0.317309
13    1.94872    0.313336
13    2    0.30971
14    0    1
14    0.0512821    0.999671
14    0.102564    0.998679
14    0.153846    0.99701
14    0.205128    0.994641
14    0.25641    0.991535
14    0.307692    0.987644
14    0.358974    0.982903
14    0.410256    0.977226
14    0.461538    0.970497
14    0.512821    0.962561
14    0.564103    -10
14    0.615385    0.942078
14    0.666667    0.928675
14    0.717949    0.912122
14    0.769231    0.890968
14    0.820513    0.862925
14    0.871795    0.824933
14    0.923077    0.774413
14    0.974359    0.71218
14    1.02564    0.644514
14    1.07692    0.580229
14    1.12821    0.525271
14    1.17949    0.481055
14    1.23077    0.446304
14    1.28205    0.418996
14    1.33333    0.397291
14    1.38462    0.37976
14    1.4359    0.365357
14    1.48718    0.353332
14    1.53846    0.343142
14    1.58974    0.334394
14    1.64103    0.326796
14    1.69231    0.320131
14    1.74359    0.314231
14    1.79487    0.308968
14    1.84615    0.304241
14    1.89744    0.299969
14    1.94872    0.296087
14    2    0.292543
15    0    1
15    0.0512821    0.999671
15    0.102564    0.998679
15    0.153846    0.99701
15    0.205128    0.994641
15    0.25641    0.991535
15    0.307692    0.987644
15    0.358974    0.982903
15    0.410256    0.977226
15    0.461538    0.970499
15    0.512821    0.962568
15    0.564103    0.95322
15    0.615385    0.942141
15    0.666667    0.928836
15    0.717949    0.912481
15    0.769231    0.891655
15    0.820513    0.863993
15    0.871795    -10
15    0.923077    0.77442
15    0.974359    0.709286
15    1.02564    0.637648
15    1.07692    0.570036
15    1.12821    0.513318
15    1.17949    0.468682
15    1.23077    0.434275
15    1.28205    0.407637
15    1.33333    0.38669
15    1.38462    0.369895
15    1.4359    0.356166
15    1.48718    0.344742
15    1.53846    0.335085
15    1.58974    0.326807
15    1.64103    0.319625
15    1.69231    0.31333
15    1.74359    0.307762
15    1.79487    0.302796
15    1.84615    0.298338
15    1.89744    0.294311
15    1.94872    0.290652
15    2    0.287312
16    0    1
16    0.0512821    0.999671
16    0.102564    0.998679
16    0.153846    0.99701
16    0.205128    0.994641
16    0.25641    0.991535
16    0.307692    0.987644
16    0.358974    0.982903
16    0.410256    0.977226
16    0.461538    0.970499
16    0.512821    0.962571
16    0.564103    0.953232
16    0.615385    0.942179
16    0.666667    0.92894
16    0.717949    0.912727
16    0.769231    0.892154
16    0.820513    0.864791
16    0.871795    0.826811
16    0.923077    0.773905
16    0.974359    0.705371
16    1.02564    0.628919
16    1.07692    0.557124
16    1.12821    0.497958
16    1.17949    0.452329
16    1.23077    0.417741
16    1.28205    0.391283
16    1.33333    0.370637
16    1.38462    0.354162
16    1.4359    0.340731
16    1.48718    0.329569
16    1.53846    0.320137
16    1.58974    0.312051
16    1.64103    0.305035
16    1.69231    0.298881
16    1.74359    0.293434
16    1.79487    0.288575
16    1.84615    0.284209
16    1.89744    0.280262
16    1.94872    0.276675
16    2    0.273398
17    0    1
17    0.0512821    0.999671
17    0.102564    0.998679
17    0.153846    0.99701
17    0.205128    0.994641
17    0.25641    0.991535
17    0.307692    0.987644
17    0.358974    0.982903
17    0.410256    0.977226
17    0.461538    0.9705
17    0.512821    0.962573
17    0.564103    0.953239
17    0.615385    0.942204
17    0.666667    0.929013
17    0.717949    0.912919
17    0.769231    0.892583
17    0.820513    0.865579
17    0.871795    0.827822
17    0.923077    0.774191
17    0.974359    0.703028
17    1.02564    0.622655
17    1.07692    0.547739
17    1.12821    0.487227
17    1.17949    0.441557
17    1.23077    0.407533
17    1.28205    0.381819
17    1.33333    0.361913
17    1.38462    0.346108
17    1.4359    0.333264
17    1.48718    0.322611
17    1.53846    0.313621
17    1.58974    0.305921
17    1.64103    0.299243
17    1.69231    0.293388
17    1.74359    0.288208
17    1.79487    0.283588
17    1.84615    0.279438
17    1.89744    0.275688
17    1.94872    0.272279
17    2    0.269167
