# h    #|M_z|
2    0.75    7.19995
2    0.762821    6.96481
2    0.775641    6.7413
2    0.788462    6.52868
2    0.801282    6.32625
2    0.814103    6.13336
2    0.826923    5.94944
2    0.839744    5.77394
2    0.852564    5.60635
2    0.865385    5.4462
2    0.878205    5.29307
2    0.891026    5.14654
2    0.903846    5.00625
2    0.916667    4.87185
2    0.929487    4.74301
2    0.942308    4.61944
2    0.955128    4.50084
2    0.967949    4.38696
2    0.980769    4.27755
2    0.99359    4.17238
2    1.00641    4.07123
2    1.01923    3.9739
2    1.03205    3.8802
2    1.04487    3.78995
2    1.05769    3.70299
2    1.07051    3.61916
2    1.08333    3.5383
2    1.09615    3.46029
2    1.10897    3.38498
2    1.12179    3.31226
2    1.13462    3.242
2    1.14744    3.1741
2    1.16026    3.10845
2    1.17308    3.04496
2    1.1859    2.98352
2    1.19872    2.92406
2    1.21154    2.86648
2    1.22436    2.81071
2    1.23718    2.75668
2    1.25    2.7043
3    0.833333    14.5302
3    0.84188    14.1106
3    0.850427    13.7077
3    0.858974    13.3207
3    0.867521    12.9487
3    0.876068    12.5912
3    0.884615    12.2473
3    0.893162    11.9165
3    0.901709    11.5981
3    0.910256    11.2915
3    0.918803    10.9962
3    0.92735    10.7118
3    0.935897    10.4376
3    0.944444    10.1732
3    0.952991    9.91829
3    0.961538    9.67232
3    0.970085    9.43495
3    0.978632    9.20579
3    0.987179    8.98449
3    0.995726    8.77073
3    1.00427    8.56417
3    1.01282    8.36452
3    1.02137    8.17148
3    1.02991    7.9848
3    1.03846    7.8042
3    1.04701    7.62944
3    1.05556    7.46028
3    1.0641    7.29651
3    1.07265    7.13789
3    1.0812    6.98424
3    1.08974    6.83536
3    1.09829    6.69107
3    1.10684    6.55118
3    1.11538    6.41552
3    1.12393    6.28395
3    1.13248    6.1563
3    1.14103    6.03243
3    1.14957    5.91219
3    1.15812    5.79546
3    1.16667    5.6821
4    0.875    23.833
4    0.88141    23.1858
4    0.887821    22.5615
4    0.894231    21.9593
4    0.900641    21.3781
4    0.907051    20.817
4    0.913462    20.2753
4    0.919872    19.7522
4    0.926282    19.2468
4    0.932692    18.7586
4    0.939103    18.2866
4    0.945513    17.8304
4    0.951923    17.3893
4    0.958333    16.9627
4    0.964744    16.55
4    0.971154    16.1507
4    0.977564    15.7643
4    0.983974    15.3902
4    0.990385    15.028
4    0.996795    14.6773
4    1.00321    14.3375
4    1.00962    14.0084
4    1.01603    13.6894
4    1.02244    13.3802
4    1.02885    13.0805
4    1.03526    12.7899
4    1.04167    12.5081
4    1.04808    12.2347
4    1.05449    11.9695
4    1.0609    11.7121
4    1.06731    11.4623
4    1.07372    11.2198
4    1.08013    10.9844
4    1.08654    10.7557
4    1.09295    10.5336
4    1.09936    10.3179
4    1.10577    10.1082
4    1.11218    9.90449
4    1.11859    9.70646
4    1.125    9.51394
5    0.9    34.9813
5    0.905128    34.0661
5    0.910256    33.181
5    0.915385    32.325
5    0.920513    31.497
5    0.925641    30.6958
5    0.930769    29.9204
5    0.935897    29.1699
5    0.941026    28.4434
5    0.946154    27.7399
5    0.951282    27.0587
5    0.95641    26.3988
5    0.961538    25.7595
5    0.966667    25.1401
5    0.971795    24.5399
5    0.976923    23.958
5    0.982051    23.394
5    0.987179    22.8471
5    0.992308    22.3167
5    0.997436    21.8024
5    1.00256    21.3034
5    1.00769    20.8192
5    1.01282    20.3494
5    1.01795    19.8934
5    1.02308    19.4508
5    1.02821    19.0211
5    1.03333    18.6039
5    1.03846    18.1987
5    1.04359    17.8051
5    1.04872    17.4227
5    1.05385    17.0512
5    1.05897    16.6903
5    1.0641    16.3394
5    1.06923    15.9984
5    1.07436    15.6668
5    1.07949    15.3445
5    1.08462    15.031
5    1.08974    14.726
5    1.09487    14.4294
5    1.1    14.1409
6    0.916667    47.8765
6    0.92094    46.655
6    0.925214    45.4718
6    0.929487    44.3256
6    0.933761    43.215
6    0.938034    42.1388
6    0.942308    41.0957
6    0.946581    40.0846
6    0.950855    39.1044
6    0.955128    38.154
6    0.959402    37.2324
6    0.963675    36.3385
6    0.967949    35.4714
6    0.972222    34.6302
6    0.976496    33.814
6    0.980769    33.022
6    0.985043    32.2533
6    0.989316    31.5072
6    0.99359    30.7828
6    0.997863    30.0795
6    1.00214    29.3966
6    1.00641    28.7333
6    1.01068    28.0891
6    1.01496    27.4632
6    1.01923    26.8552
6    1.0235    26.2643
6    1.02778    25.6902
6    1.03205    25.1321
6    1.03632    24.5896
6    1.0406    24.0622
6    1.04487    23.5495
6    1.04915    23.0508
6    1.05342    22.5658
6    1.05769    22.0941
6    1.06197    21.6352
6    1.06624    21.1888
6    1.07051    20.7543
6    1.07479    20.3316
6    1.07906    19.9201
6    1.08333    19.5196
7    0.928571    62.4374
7    0.932234    60.8734
7    0.935897    59.3565
7    0.93956    57.8854
7    0.943223    56.4584
7    0.946886    55.074
7    0.950549    53.7308
7    0.954212    52.4275
7    0.957875    51.1626
7    0.961538    49.935
7    0.965201    48.7434
7    0.968864    47.5866
7    0.972527    46.4634
7    0.97619    45.3728
7    0.979853    44.3137
7    0.983516    43.2851
7    0.987179    42.2859
7    0.990842    41.3153
7    0.994505    40.3723
7    0.998168    39.456
7    1.00183    38.5656
7    1.00549    37.7002
7    1.00916    36.859
7    1.01282    36.0413
7    1.01648    35.2464
7    1.02015    34.4734
7    1.02381    33.7218
7    1.02747    32.9909
7    1.03114    32.2799
7    1.0348    31.5883
7    1.03846    30.9156
7    1.04212    30.261
7    1.04579    29.624
7    1.04945    29.0042
7    1.05311    28.4009
7    1.05678    27.8137
7    1.06044    27.2421
7    1.0641    26.6856
7    1.06777    26.1438
7    1.07143    25.6161
8    0.9375    78.5938
8    0.940705    76.6527
8    0.94391    74.7685
8    0.947115    72.9395
8    0.950321    71.1637
8    0.953526    69.4396
8    0.956731    67.7655
8    0.959936    66.1397
8    0.963141    64.5607
8    0.966346    63.027
8    0.969551    61.5372
8    0.972756    60.0898
8    0.975962    58.6836
8    0.979167    57.3172
8    0.982372    55.9894
8    0.985577    54.6989
8    0.988782    53.4446
8    0.991987    52.2254
8    0.995192    51.0401
8    0.998397    49.8878
8    1.0016    48.7673
8    1.00481    47.6778
8    1.00801    46.6182
8    1.01122    45.5876
8    1.01442    44.5852
8    1.01763    43.6101
8    1.02083    42.6614
8    1.02404    41.7383
8    1.02724    40.8401
8    1.03045    39.9661
8    1.03365    39.1154
8    1.03686    38.2874
8    1.04006    37.4813
8    1.04327    36.6967
8    1.04647    35.9327
8    1.04968    35.1888
8    1.05288    34.4644
8    1.05609    33.759
8    1.05929    33.0718
8    1.0625    32.4025
9    0.944444    96.2813
9    0.947293    93.9306
9    0.950142    91.6472
9    0.952991    89.429
9    0.95584    87.274
9    0.958689    85.1803
9    0.961538    83.1458
9    0.964387    81.1689
9    0.967236    79.2476
9    0.970085    77.3803
9    0.972934    75.5654
9    0.975783    73.8012
9    0.978632    72.0861
9    0.981481    70.4187
9    0.98433    68.7974
9    0.987179    67.221
9    0.990028    65.688
9    0.992877    64.1971
9    0.995726    62.747
9    0.998575    61.3366
9    1.00142    59.9645
9    1.00427    58.6297
9    1.00712    57.331
9    1.00997    56.0674
9    1.01282    54.8378
9    1.01567    53.6412
9    1.01852    52.4766
9    1.02137    51.343
9    1.02422    50.2396
9    1.02707    49.1654
9    1.02991    48.1196
9    1.03276    47.1013
9    1.03561    46.1098
9    1.03846    45.1442
9    1.04131    44.2039
9    1.04416    43.288
9    1.04701    42.3958
9    1.04986    41.5267
9    1.05271    40.68
9    1.05556    39.855
10    0.95    115.439
10    0.952564    112.648
10    0.955128    109.935
10    0.957692    107.299
10    0.960256    104.735
10    0.962821    102.244
10    0.965385    99.8214
10    0.967949    97.4661
10    0.970513    95.1759
10    0.973077    92.949
10    0.975641    90.7834
10    0.978205    88.6772
10    0.980769    86.6288
10    0.983333    84.6363
10    0.985897    82.6982
10    0.988462    80.8128
10    0.991026    78.9785
10    0.99359    77.1939
10    0.996154    75.4575
10    0.998718    73.7678
10    1.00128    72.1234
10    1.00385    70.5232
10    1.00641    68.9656
10    1.00897    67.4496
10    1.01154    65.9739
10    1.0141    64.5373
10    1.01667    63.1386
10    1.01923    61.7768
10    1.02179    60.4509
10    1.02436    59.1596
10    1.02692    57.9022
10    1.02949    56.6775
10    1.03205    55.4847
10    1.03462    54.3228
10    1.03718    53.1909
10    1.03974    52.0882
10    1.04231    51.0138
10    1.04487    49.967
10    1.04744    48.9469
10    1.05    47.9528
11    0.954545    136.005
11    0.956876    132.746
11    0.959207    129.576
11    0.961538    126.494
11    0.963869    123.496
11    0.9662    120.58
11    0.968531    117.743
11    0.970862    114.984
11    0.973193    112.3
11    0.975524    109.689
11    0.977855    107.148
11    0.980186    104.677
11    0.982517    102.272
11    0.984848    99.9314
11    0.987179    97.6541
11    0.98951    95.4378
11    0.991841    93.2809
11    0.994172    91.1815
11    0.996503    89.1381
11    0.998834    87.149
11    1.00117    85.2127
11    1.0035    83.3277
11    1.00583    81.4924
11    1.00816    79.7054
11    1.01049    77.9655
11    1.01282    76.2711
11    1.01515    74.6211
11    1.01748    73.0141
11    1.01981    71.449
11    1.02214    69.9245
11    1.02448    68.4394
11    1.02681    66.9928
11    1.02914    65.5834
11    1.03147    64.2103
11    1.0338    62.8723
11    1.03613    61.5686
11    1.03846    60.2981
11    1.04079    59.06
11    1.04312    57.8532
11    1.04545    56.677
12    0.958333    157.919
12    0.96047    154.166
12    0.962607    150.514
12    0.964744    146.96
12    0.96688    143.502
12    0.969017    140.137
12    0.971154    136.863
12    0.973291    133.676
12    0.975427    130.575
12    0.977564    127.556
12    0.979701    124.618
12    0.981838    121.759
12    0.983974    118.975
12    0.986111    116.266
12    0.988248    113.628
12    0.990385    111.061
12    0.992521    108.561
12    0.994658    106.127
12    0.996795    103.757
12    0.998932    101.449
12    1.00107    99.2023
12    1.00321    97.0141
12    1.00534    94.883
12    1.00748    92.8075
12    1.00962    90.786
12    1.01175    88.817
12    1.01389    86.899
12    1.01603    85.0305
12    1.01816    83.2103
12    1.0203    81.4369
12    1.02244    79.7091
12    1.02457    78.0256
12    1.02671    76.385
12    1.02885    74.7864
12    1.03098    73.2284
12    1.03312    71.7099
12    1.03526    70.2299
12    1.03739    68.7873
12    1.03953    67.381
12    1.04167    66.0101
13    0.961538    181.116
13    0.963511    176.845
13    0.965483    172.687
13    0.967456    168.64
13    0.969428    164.7
13    0.9714    160.864
13    0.973373    157.129
13    0.975345    153.493
13    0.977318    149.953
13    0.97929    146.506
13    0.981262    143.15
13    0.983235    139.882
13    0.985207    136.7
13    0.987179    133.602
13    0.989152    130.584
13    0.991124    127.646
13    0.993097    124.784
13    0.995069    121.997
13    0.997041    119.282
13    0.999014    116.638
13    1.00099    114.063
13    1.00296    111.554
13    1.00493    109.11
13    1.0069    106.729
13    1.00888    104.41
13    1.01085    102.15
13    1.01282    99.948
13    1.01479    97.8026
13    1.01677    95.7122
13    1.01874    93.675
13    1.02071    91.6898
13    1.02268    89.7551
13    1.02465    87.8694
13    1.02663    86.0315
13    1.0286    84.24
13    1.03057    82.4937
13    1.03254    80.7913
13    1.03452    79.1317
13    1.03649    77.5136
13    1.03846    75.9359
14    0.964286    205.526
14    0.966117    200.718
14    0.967949    196.035
14    0.96978    191.474
14    0.971612    187.031
14    0.973443    182.705
14    0.975275    178.49
14    0.977106    174.386
14    0.978938    170.388
14    0.980769    166.493
14    0.982601    162.7
14    0.984432    159.005
14    0.986264    155.406
14    0.988095    151.9
14    0.989927    148.485
14    0.991758    145.157
14    0.99359    141.916
14    0.995421    138.758
14    0.997253    135.682
14    0.999084    132.684
14    1.00092    129.764
14    1.00275    126.918
14    1.00458    124.145
14    1.00641    121.443
14    1.00824    118.811
14    1.01007    116.245
14    1.0119    113.744
14    1.01374    111.307
14    1.01557    108.932
14    1.0174    106.617
14    1.01923    104.361
14    1.02106    102.161
14    1.02289    100.017
14    1.02473    97.9267
14    1.02656    95.8889
14    1.02839    93.9022
14    1.03022    91.9651
14    1.03205    90.0763
14    1.03388    88.2345
14    1.03571    86.4385
