# h    #|M_z|
4    -0.222976    -0.856683
4    -0.213875    -0.853058
4    -0.204774    -0.849115
4    -0.195673    -0.844802
4    -0.186572    -0.840058
4    -0.177471    -0.834807
4    -0.16837    -0.828958
4    -0.159269    -0.822393
4    -0.150168    -0.814971
4    -0.141067    -0.806507
4    -0.131966    -0.796771
4    -0.122865    -0.785467
4    -0.113763    -0.772209
4    -0.104662    -0.7565
4    -0.0955613    -0.737685
4    -0.0864602    -0.714906
4    -0.0773591    -0.687041
4    -0.0682581    -0.65263
4    -0.059157    -0.609819
4    -0.0500559    -0.556353
4    -0.0409548    -0.489703
4    -0.0318538    -0.407486
4    -0.0227527    -0.308309
4    -0.0136516    -0.193022
4    -0.00455054    -0.0658203
4    0.00455054    0.0658203
4    0.0136516    0.193022
4    0.0227527    0.308309
4    0.0318538    0.407486
4    0.0409548    0.489703
4    0.0500559    0.556353
4    0.059157    0.609819
4    0.0682581    0.65263
4    0.0773591    0.687041
4    0.0864602    0.714906
4    0.0955613    0.737685
4    0.104662    0.7565
4    0.113763    0.772209
4    0.122865    0.785467
4    0.131966    0.796771
4    0.141067    0.806507
4    0.150168    0.814971
4    0.159269    0.822393
4    0.16837    0.828958
4    0.177471    0.834807
4    0.186572    0.840058
4    0.195673    0.844802
4    0.204774    0.849115
4    0.213875    0.853058
4    0.222976    0.856683
5    -0.146741    -0.835071
5    -0.140752    -0.831501
5    -0.134762    -0.827622
5    -0.128773    -0.823386
5    -0.122784    -0.818735
5    -0.116794    -0.813594
5    -0.110805    -0.807874
5    -0.104815    -0.801464
5    -0.0988258    -0.794224
5    -0.0928364    -0.785978
5    -0.0868469    -0.776502
5    -0.0808575    -0.765509
5    -0.074868    -0.752626
5    -0.0688786    -0.737368
5    -0.0628891    -0.719101
5    -0.0568997    -0.696991
5    -0.0509103    -0.669942
5    -0.0449208    -0.636532
5    -0.0389314    -0.594946
5    -0.0329419    -0.542971
5    -0.0269525    -0.478116
5    -0.020963    -0.398018
5    -0.0149736    -0.301275
5    -0.00898416    -0.188686
5    -0.00299472    -0.0643547
5    0.00299472    0.0643547
5    0.00898416    0.188686
5    0.0149736    0.301275
5    0.020963    0.398018
5    0.0269525    0.478116
5    0.0329419    0.542971
5    0.0389314    0.594946
5    0.0449208    0.636532
5    0.0509103    0.669942
5    0.0568997    0.696991
5    0.0628891    0.719101
5    0.0688786    0.737368
5    0.074868    0.752626
5    0.0808575    0.765509
5    0.0868469    0.776502
5    0.0928364    0.785978
5    0.0988258    0.794224
5    0.104815    0.801464
5    0.110805    0.807874
5    0.116794    0.813594
5    0.122784    0.818735
5    0.128773    0.823386
5    0.134762    0.827622
5    0.140752    0.831501
5    0.146741    0.835071
6    -0.104253    -0.817355
6    -0.0999976    -0.813838
6    -0.0957424    -0.810021
6    -0.0914871    -0.805856
6    -0.0872319    -0.801286
6    -0.0829767    -0.796239
6    -0.0787215    -0.790629
6    -0.0744663    -0.784346
6    -0.0702111    -0.777255
6    -0.0659558    -0.769184
6    -0.0617006    -0.759915
6    -0.0574454    -0.749166
6    -0.0531902    -0.736575
6    -0.048935    -0.721669
6    -0.0446798    -0.703827
6    -0.0404245    -0.682234
6    -0.0361693    -0.655819
6    -0.0319141    -0.623188
6    -0.0276589    -0.582562
6    -0.0234037    -0.531767
6    -0.0191485    -0.468351
6    -0.0148933    -0.38998
6    -0.010638    -0.29526
6    -0.00638282    -0.184954
6    -0.00212761    -0.063089
6    0.00212761    0.063089
6    0.00638282    0.184954
6    0.010638    0.29526
6    0.0148933    0.38998
6    0.0191485    0.468351
6    0.0234037    0.531767
6    0.0276589    0.582562
6    0.0319141    0.623188
6    0.0361693    0.655819
6    0.0404245    0.682234
6    0.0446798    0.703827
6    0.048935    0.721669
6    0.0531902    0.736575
6    0.0574454    0.749166
6    0.0617006    0.759915
6    0.0659558    0.769184
6    0.0702111    0.777255
6    0.0744663    0.784346
6    0.0787215    0.790629
6    0.0829767    0.796239
6    0.0872319    0.801286
6    0.0914871    0.805856
6    0.0957424    0.810021
6    0.0999976    0.813838
6    0.104253    0.817355
7    -0.0780841    -0.802439
7    -0.074897    -0.798971
7    -0.0717099    -0.79521
7    -0.0685228    -0.791108
7    -0.0653356    -0.78661
7    -0.0621485    -0.781646
7    -0.0589614    -0.77613
7    -0.0557743    -0.769956
7    -0.0525872    -0.76299
7    -0.0494001    -0.755066
7    -0.046213    -0.745967
7    -0.0430259    -0.735421
7    -0.0398388    -0.72307
7    -0.0366517    -0.708451
7    -0.0334646    -0.690957
7    -0.0302775    -0.669786
7    -0.0270904    -0.643888
7    -0.0239033    -0.611893
7    -0.0207162    -0.572055
7    -0.0175291    -0.522233
7    -0.014342    -0.460013
7    -0.0111549    -0.383092
7    -0.00796776    -0.290085
7    -0.00478066    -0.181734
7    -0.00159355    -0.0619946
7    0.00159355    0.0619946
7    0.00478066    0.181734
7    0.00796776    0.290085
7    0.0111549    0.383092
7    0.014342    0.460013
7    0.0175291    0.522233
7    0.0207162    0.572055
7    0.0239033    0.611893
7    0.0270904    0.643888
7    0.0302775    0.669786
7    0.0334646    0.690957
7    0.0366517    0.708451
7    0.0398388    0.72307
7    0.0430259    0.735421
7    0.046213    0.745967
7    0.0494001    0.755066
7    0.0525872    0.76299
7    0.0557743    0.769956
7    0.0589614    0.77613
7    0.0621485    0.781646
7    0.0653356    0.78661
7    0.0685228    0.791108
7    0.0717099    0.79521
7    0.074897    0.798971
7    0.0780841    0.802439
8    -0.0607894    -0.789609
8    -0.0583082    -0.786187
8    -0.055827    -0.782476
8    -0.0533458    -0.778432
8    -0.0508646    -0.773998
8    -0.0483834    -0.769106
8    -0.0459022    -0.763672
8    -0.043421    -0.757592
8    -0.0409398    -0.750735
8    -0.0384586    -0.742936
8    -0.0359774    -0.733984
8    -0.0334962    -0.723609
8    -0.031015    -0.711462
8    -0.0285338    -0.697086
8    -0.0260526    -0.679884
8    -0.0235714    -0.65907
8    -0.0210902    -0.633608
8    -0.018609    -0.602151
8    -0.0161278    -0.56298
8    -0.0136466    -0.513984
8    -0.0111654    -0.452785
8    -0.00868419    -0.377107
8    -0.006203    -0.285579
8    -0.0037218    -0.178924
8    -0.0012406    -0.0610387
8    0.0012406    0.0610387
8    0.0037218    0.178924
8    0.006203    0.285579
8    0.00868419    0.377107
8    0.0111654    0.452785
8    0.0136466    0.513984
8    0.0161278    0.56298
8    0.018609    0.602151
8    0.0210902    0.633608
8    0.0235714    0.65907
8    0.0260526    0.679884
8    0.0285338    0.697086
8    0.031015    0.711462
8    0.0334962    0.723609
8    0.0359774    0.733984
8    0.0384586    0.742936
8    0.0409398    0.750735
8    0.043421    0.757592
8    0.0459022    0.763672
8    0.0483834    0.769106
8    0.0508646    0.773998
8    0.0533458    0.778432
8    0.055827    0.782476
8    0.0583082    0.786187
8    0.0607894    0.789609
9    -0.0487435    -0.778386
9    -0.046754    -0.775005
9    -0.0447644    -0.77134
9    -0.0427749    -0.767347
9    -0.0407854    -0.76297
9    -0.0387958    -0.758143
9    -0.0368063    -0.752782
9    -0.0348168    -0.746785
9    -0.0328272    -0.740023
9    -0.0308377    -0.732333
9    -0.0288482    -0.723508
9    -0.0268587    -0.713283
9    -0.0248691    -0.701312
9    -0.0228796    -0.687147
9    -0.0208901    -0.670199
9    -0.0189005    -0.649691
9    -0.016911    -0.624606
9    -0.0149215    -0.593615
9    -0.0129319    -0.55502
9    -0.0109424    -0.506742
9    -0.00895288    -0.44643
9    -0.00696335    -0.371837
9    -0.00497382    -0.281606
9    -0.00298429    -0.176443
9    -0.000994765    -0.0601943
9    0.000994765    0.0601943
9    0.00298429    0.176443
9    0.00497382    0.281606
9    0.00696335    0.371837
9    0.00895288    0.44643
9    0.0109424    0.506742
9    0.0129319    0.55502
9    0.0149215    0.593615
9    0.016911    0.624606
9    0.0189005    0.649691
9    0.0208901    0.670199
9    0.0228796    0.687147
9    0.0248691    0.701312
9    0.0268587    0.713283
9    0.0288482    0.723508
9    0.0308377    0.732333
9    0.0328272    0.740023
9    0.0348168    0.746785
9    0.0368063    0.752782
9    0.0387958    0.758143
9    0.0407854    0.76297
9    0.0427749    0.767347
9    0.0447644    0.77134
9    0.046754    0.775005
9    0.0487435    0.778386
10    -0.0400056    -0.768432
10    -0.0383728    -0.765089
10    -0.0367399    -0.761466
10    -0.035107    -0.757519
10    -0.0334741    -0.753194
10    -0.0318412    -0.748425
10    -0.0302083    -0.743129
10    -0.0285755    -0.737206
10    -0.0269426    -0.730528
10    -0.0253097    -0.722936
10    -0.0236768    -0.714224
10    -0.0220439    -0.70413
10    -0.020411    -0.692315
10    -0.0187782    -0.678336
10    -0.0171453    -0.66161
10    -0.0155124    -0.641373
10    -0.0138795    -0.616619
10    -0.0122466    -0.586037
10    -0.0106137    -0.54795
10    -0.00898086    -0.500303
10    -0.00734798    -0.440775
10    -0.00571509    -0.367144
10    -0.00408221    -0.278063
10    -0.00244933    -0.17423
10    -0.000816442    -0.0594406
10    0.000816442    0.0594406
10    0.00244933    0.17423
10    0.00408221    0.278063
10    0.00571509    0.367144
10    0.00734798    0.440775
10    0.00898086    0.500303
10    0.0106137    0.54795
10    0.0122466    0.586037
10    0.0138795    0.616619
10    0.0155124    0.641373
10    0.0171453    0.66161
10    0.0187782    0.678336
10    0.020411    0.692315
10    0.0220439    0.70413
10    0.0236768    0.714224
10    0.0253097    0.722936
10    0.0269426    0.730528
10    0.0285755    0.737206
10    0.0302083    0.743129
10    0.0318412    0.748425
10    0.0334741    0.753194
10    0.035107    0.757519
10    0.0367399    0.761466
10    0.0383728    0.765089
10    0.0400056    0.768432
11    -0.0334588    -0.759504
11    -0.0320931    -0.756196
11    -0.0307274    -0.752612
11    -0.0293618    -0.748707
11    -0.0279961    -0.744429
11    -0.0266304    -0.739712
11    -0.0252648    -0.734475
11    -0.0238991    -0.728618
11    -0.0225335    -0.722017
11    -0.0211678    -0.714511
11    -0.0198021    -0.705901
11    -0.0184365    -0.695925
11    -0.0170708    -0.684249
11    -0.0157051    -0.670435
11    -0.0143395    -0.653908
11    -0.0129738    -0.633912
11    -0.0116081    -0.609453
11    -0.0102425    -0.579235
11    -0.00887682    -0.541601
11    -0.00751115    -0.494519
11    -0.00614549    -0.435692
11    -0.00477982    -0.362921
11    -0.00341416    -0.274875
11    -0.0020485    -0.172237
11    -0.000682832    -0.0587614
11    0.000682832    0.0587614
11    0.0020485    0.172237
11    0.00341416    0.274875
11    0.00477982    0.362921
11    0.00614549    0.435692
11    0.00751115    0.494519
11    0.00887682    0.541601
11    0.0102425    0.579235
11    0.0116081    0.609453
11    0.0129738    0.633912
11    0.0143395    0.653908
11    0.0157051    0.670435
11    0.0170708    0.684249
11    0.0184365    0.695925
11    0.0198021    0.705901
11    0.0211678    0.714511
11    0.0225335    0.722017
11    0.0238991    0.728618
11    0.0252648    0.734475
11    0.0266304    0.739712
11    0.0279961    0.744429
11    0.0293618    0.748707
11    0.0307274    0.752612
11    0.0320931    0.756196
11    0.0334588    0.759504
12    -0.0284221    -0.751422
12    -0.027262    -0.748145
12    -0.0261019    -0.744596
12    -0.0249419    -0.74073
12    -0.0237818    -0.736495
12    -0.0226217    -0.731825
12    -0.0214616    -0.726642
12    -0.0203015    -0.720847
12    -0.0191414    -0.714314
12    -0.0179813    -0.706888
12    -0.0168213    -0.698368
12    -0.0156612    -0.688499
12    -0.0145011    -0.676949
12    -0.013341    -0.663283
12    -0.0121809    -0.646935
12    -0.0110208    -0.627157
12    -0.00986073    -0.602964
12    -0.00870065    -0.573075
12    -0.00754056    -0.535849
12    -0.00638048    -0.489276
12    -0.00522039    -0.431083
12    -0.0040603    -0.359091
12    -0.00290022    -0.27198
12    -0.00174013    -0.170427
12    -0.000580043    -0.0581445
12    0.000580043    0.0581445
12    0.00174013    0.170427
12    0.00290022    0.27198
12    0.0040603    0.359091
12    0.00522039    0.431083
12    0.00638048    0.489276
12    0.00754056    0.535849
12    0.00870065    0.573075
12    0.00986073    0.602964
12    0.0110208    0.627157
12    0.0121809    0.646935
12    0.013341    0.663283
12    0.0145011    0.676949
12    0.0156612    0.688499
12    0.0168213    0.698368
12    0.0179813    0.706888
12    0.0191414    0.714314
12    0.0203015    0.720847
12    0.0214616    0.726642
12    0.0226217    0.731825
12    0.0237818    0.736495
12    0.0249419    0.74073
12    0.0261019    0.744596
12    0.027262    0.748145
12    0.0284221    0.751422
