# n  #g    #|M_z|
4    0.5    0.957491
4    0.520408    0.953119
4    0.540816    0.948475
4    0.561224    0.943558
4    0.581633    0.938367
4    0.602041    0.932906
4    0.622449    0.927178
4    0.642857    0.921191
4    0.663265    0.914952
4    0.683673    0.908472
4    0.704082    0.901764
4    0.72449    0.894842
4    0.744898    0.887722
4    0.765306    0.880423
4    0.785714    0.872961
4    0.806122    0.865359
4    0.826531    0.857635
4    0.846939    0.849812
4    0.867347    0.84191
4    0.887755    0.83395
4    0.908163    0.825953
4    0.928571    0.817939
4    0.94898    0.809928
4    0.969388    0.801938
4    0.989796    0.793986
4    1.0102    0.786088
4    1.03061    0.77826
4    1.05102    0.770515
4    1.07143    0.762865
4    1.09184    0.755321
4    1.11224    0.747892
4    1.13265    0.740587
4    1.15306    0.733413
4    1.17347    0.726376
4    1.19388    0.71948
4    1.21429    0.712729
4    1.23469    0.706126
4    1.2551    0.699673
4    1.27551    0.69337
4    1.29592    0.68722
4    1.31633    0.68122
4    1.33673    0.675371
4    1.35714    0.669671
4    1.37755    0.664119
4    1.39796    0.658712
4    1.41837    0.653449
4    1.43878    0.648326
4    1.45918    0.643342
4    1.47959    0.638493
4    1.5    0.633776
5    0.6    0.938031
5    0.616327    0.933526
5    0.632653    0.928799
5    0.64898    0.923849
5    0.665306    0.918674
5    0.681633    0.913277
5    0.697959    0.907658
5    0.714286    0.901823
5    0.730612    0.895776
5    0.746939    0.889525
5    0.763265    0.883079
5    0.779592    0.876447
5    0.795918    0.869642
5    0.812245    0.862676
5    0.828571    0.855565
5    0.844898    0.848322
5    0.861224    0.840964
5    0.877551    0.833509
5    0.893878    0.825974
5    0.910204    0.818376
5    0.926531    0.810733
5    0.942857    0.803063
5    0.959184    0.795382
5    0.97551    0.787709
5    0.991837    0.780058
5    1.00816    0.772445
5    1.02449    0.764885
5    1.04082    0.757391
5    1.05714    0.749975
5    1.07347    0.742648
5    1.0898    0.735421
5    1.10612    0.728302
5    1.12245    0.7213
5    1.13878    0.71442
5    1.1551    0.70767
5    1.17143    0.701053
5    1.18776    0.694573
5    1.20408    0.688234
5    1.22041    0.682037
5    1.23673    0.675984
5    1.25306    0.670075
5    1.26939    0.664311
5    1.28571    0.658691
5    1.30204    0.653214
5    1.31837    0.647879
5    1.33469    0.642684
5    1.35102    0.637627
5    1.36735    0.632706
5    1.38367    0.627919
5    1.4    0.623262
6    0.666667    0.91999
6    0.680272    0.915276
6    0.693878    0.910351
6    0.707483    0.905212
6    0.721088    0.899857
6    0.734694    0.894286
6    0.748299    0.8885
6    0.761905    0.882502
6    0.77551    0.876294
6    0.789116    0.869882
6    0.802721    0.863272
6    0.816327    0.856473
6    0.829932    0.849494
6    0.843537    0.842347
6    0.857143    0.835042
6    0.870748    0.827595
6    0.884354    0.820018
6    0.897959    0.812329
6    0.911565    0.804542
6    0.92517    0.796675
6    0.938776    0.788745
6    0.952381    0.780768
6    0.965986    0.772762
6    0.979592    0.764744
6    0.993197    0.756731
6    1.0068    0.748738
6    1.02041    0.740781
6    1.03401    0.732875
6    1.04762    0.725032
6    1.06122    0.717266
6    1.07483    0.709588
6    1.08844    0.702009
6    1.10204    0.694537
6    1.11565    0.687183
6    1.12925    0.679951
6    1.14286    0.67285
6    1.15646    0.665884
6    1.17007    0.659057
6    1.18367    0.652373
6    1.19728    0.645835
6    1.21088    0.639443
6    1.22449    0.6332
6    1.2381    0.627106
6    1.2517    0.62116
6    1.26531    0.615362
6    1.27891    0.609711
6    1.29252    0.604205
6    1.30612    0.598843
6    1.31973    0.593622
6    1.33333    0.58854
7    0.714286    0.905586
7    0.725948    0.900891
7    0.737609    0.896004
7    0.749271    0.890922
7    0.760933    0.885643
7    0.772595    0.880166
7    0.784257    0.874493
7    0.795918    0.868624
7    0.80758    0.862563
7    0.819242    0.856312
7    0.830904    0.849879
7    0.842566    0.843269
7    0.854227    0.83649
7    0.865889    0.829552
7    0.877551    0.822465
7    0.889213    0.815242
7    0.900875    0.807894
7    0.912536    0.800436
7    0.924198    0.792881
7    0.93586    0.785246
7    0.947522    0.777545
7    0.959184    0.769795
7    0.970845    0.762012
7    0.982507    0.754211
7    0.994169    0.746408
7    1.00583    0.738618
7    1.01749    0.730857
7    1.02915    0.723138
7    1.04082    0.715475
7    1.05248    0.70788
7    1.06414    0.700365
7    1.0758    0.69294
7    1.08746    0.685616
7    1.09913    0.6784
7    1.11079    0.671301
7    1.12245    0.664325
7    1.13411    0.657478
7    1.14577    0.650764
7    1.15743    0.644187
7    1.1691    0.63775
7    1.18076    0.631456
7    1.19242    0.625306
7    1.20408    0.619301
7    1.21574    0.613441
7    1.22741    0.607726
7    1.23907    0.602155
7    1.25073    0.596726
7    1.26239    0.591439
7    1.27405    0.586291
7    1.28571    0.58128
8    0.75    0.892002
8    0.760204    0.887236
8    0.770408    0.882281
8    0.780612    0.877135
8    0.790816    0.871796
8    0.80102    0.866262
8    0.811224    0.860534
8    0.821429    0.854612
8    0.831633    0.848497
8    0.841837    0.842194
8    0.852041    0.835706
8    0.862245    0.829039
8    0.872449    0.822201
8    0.882653    0.815199
8    0.892857    0.808043
8    0.903061    0.800744
8    0.913265    0.793313
8    0.923469    0.785764
8    0.933673    0.778111
8    0.943878    0.770366
8    0.954082    0.762547
8    0.964286    0.754668
8    0.97449    0.746744
8    0.984694    0.738793
8    0.994898    0.730829
8    1.0051    0.722868
8    1.01531    0.714925
8    1.02551    0.707015
8    1.03571    0.699151
8    1.04592    0.691347
8    1.05612    0.683615
8    1.06633    0.675966
8    1.07653    0.668412
8    1.08673    0.660961
8    1.09694    0.653621
8    1.10714    0.646401
8    1.11735    0.639307
8    1.12755    0.632343
8    1.13776    0.625516
8    1.14796    0.618828
8    1.15816    0.612283
8    1.16837    0.605882
8    1.17857    0.599628
8    1.18878    0.59352
8    1.19898    0.587559
8    1.20918    0.581745
8    1.21939    0.576076
8    1.22959    0.570552
8    1.2398    0.565171
8    1.25    0.559931
9    0.777778    0.880781
9    0.786848    0.876056
9    0.795918    0.871152
9    0.804989    0.866068
9    0.814059    0.860801
9    0.823129    0.85535
9    0.8322    0.849714
9    0.84127    0.843893
9    0.85034    0.83789
9    0.85941    0.831707
9    0.868481    0.825348
9    0.877551    0.818818
9    0.886621    0.812123
9    0.895692    0.805271
9    0.904762    0.79827
9    0.913832    0.79113
9    0.922902    0.783862
9    0.931973    0.776478
9    0.941043    0.76899
9    0.950113    0.761413
9    0.959184    0.75376
9    0.968254    0.746047
9    0.977324    0.738287
9    0.986395    0.730497
9    0.995465    0.722691
9    1.00454    0.714884
9    1.01361    0.707092
9    1.02268    0.699327
9    1.03175    0.691605
9    1.04082    0.683937
9    1.04989    0.676337
9    1.05896    0.668815
9    1.06803    0.661382
9    1.0771    0.654047
9    1.08617    0.64682
9    1.09524    0.639707
9    1.10431    0.632716
9    1.11338    0.625852
9    1.12245    0.61912
9    1.13152    0.612524
9    1.14059    0.606066
9    1.14966    0.599751
9    1.15873    0.593578
9    1.1678    0.587549
9    1.17687    0.581665
9    1.18594    0.575926
9    1.19501    0.570329
9    1.20408    0.564876
9    1.21315    0.559563
9    1.22222    0.55439
10    0.8    0.870041
10    0.808163    0.865289
10    0.816327    0.860362
10    0.82449    0.855256
10    0.832653    0.84997
10    0.840816    0.8445
10    0.84898    0.838848
10    0.857143    0.833012
10    0.865306    0.826995
10    0.873469    0.820797
10    0.881633    0.814422
10    0.889796    0.807875
10    0.897959    0.801162
10    0.906122    0.794289
10    0.914286    0.787264
10    0.922449    0.780096
10    0.930612    0.772797
10    0.938776    0.765376
10    0.946939    0.757847
10    0.955102    0.750223
10    0.963265    0.742517
10    0.971429    0.734743
10    0.979592    0.726917
10    0.987755    0.719054
10    0.995918    0.711168
10    1.00408    0.703274
10    1.01224    0.695388
10    1.02041    0.687524
10    1.02857    0.679695
10    1.03673    0.671915
10    1.0449    0.664197
10    1.05306    0.656552
10    1.06122    0.648992
10    1.06939    0.641526
10    1.07755    0.634163
10    1.08571    0.626912
10    1.09388    0.61978
10    1.10204    0.612772
10    1.1102    0.605895
10    1.11837    0.599153
10    1.12653    0.592549
10    1.13469    0.586086
10    1.14286    0.579767
10    1.15102    0.573591
10    1.15918    0.567561
10    1.16735    0.561677
10    1.17551    0.555937
10    1.18367    0.550342
10    1.19184    0.544889
10    1.2    0.539578
11    0.818182    0.860917
11    0.825603    0.856208
11    0.833024    0.85133
11    0.840445    0.84628
11    0.847866    0.841056
11    0.855288    0.835656
11    0.862709    0.830079
11    0.87013    0.824326
11    0.877551    0.818397
11    0.884972    0.812293
11    0.892393    0.806019
11    0.899814    0.799577
11    0.907236    0.792974
11    0.914657    0.786216
11    0.922078    0.779309
11    0.929499    0.772264
11    0.93692    0.765088
11    0.944341    0.757794
11    0.951763    0.750393
11    0.959184    0.742898
11    0.966605    0.735321
11    0.974026    0.727676
11    0.981447    0.719978
11    0.988868    0.712242
11    0.996289    0.704481
11    1.00371    0.69671
11    1.01113    0.688944
11    1.01855    0.681198
11    1.02597    0.673484
11    1.0334    0.665816
11    1.04082    0.658206
11    1.04824    0.650666
11    1.05566    0.643208
11    1.06308    0.63584
11    1.0705    0.628572
11    1.07792    0.621413
11    1.08534    0.61437
11    1.09276    0.607448
11    1.10019    0.600654
11    1.10761    0.593992
11    1.11503    0.587465
11    1.12245    0.581077
11    1.12987    0.574831
11    1.13729    0.568726
11    1.14471    0.562764
11    1.15213    0.556946
11    1.15955    0.551272
11    1.16698    0.545739
11    1.1744    0.540348
11    1.18182    0.535097
12    0.833333    0.852095
12    0.840136    0.847379
12    0.846939    0.842495
12    0.853741    0.837442
12    0.860544    0.832215
12    0.867347    0.826814
12    0.87415    0.821238
12    0.880952    0.815485
12    0.887755    0.809557
12    0.894558    0.803455
12    0.901361    0.797181
12    0.908163    0.79074
12    0.914966    0.784137
12    0.921769    0.777376
12    0.928571    0.770466
12    0.935374    0.763414
12    0.942177    0.75623
12    0.94898    0.748924
12    0.955782    0.741508
12    0.962585    0.733994
12    0.969388    0.726394
12    0.97619    0.718722
12    0.982993    0.710992
12    0.989796    0.703219
12    0.996599    0.695417
12    1.0034    0.687601
12    1.0102    0.679785
12    1.01701    0.671983
12    1.02381    0.664209
12    1.03061    0.656477
12    1.03741    0.6488
12    1.04422    0.641188
12    1.05102    0.633654
12    1.05782    0.626208
12    1.06463    0.618859
12    1.07143    0.611616
12    1.07823    0.604486
12    1.08503    0.597476
12    1.09184    0.590592
12    1.09864    0.583839
12    1.10544    0.577221
12    1.11224    0.570741
12    1.11905    0.564401
12    1.12585    0.558204
12    1.13265    0.552149
12    1.13946    0.546239
12    1.14626    0.540472
12    1.15306    0.534849
12    1.15986    0.529367
12    1.16667    0.524027
