# h    #|M_z|
2    0    0
2    0.0408163    -0.0407824
2    0.0816327    -0.081362
2    0.122449    -0.121541
2    0.163265    -0.161132
2    0.204082    -0.19996
2    0.244898    -0.237869
2    0.285714    -0.274721
2    0.326531    -0.310402
2    0.367347    -0.344817
2    0.408163    -0.377897
2    0.44898    -0.40959
2    0.489796    -0.439867
2    0.530612    -0.468716
2    0.571429    -0.496139
2    0.612245    -0.522154
2    0.653061    -0.546789
2    0.693878    -0.570082
2    0.734694    -0.592076
2    0.77551    -0.612824
2    0.816327    -0.632376
2    0.857143    -0.650791
2    0.897959    -0.668125
2    0.938776    -0.684436
2    0.979592    -0.69978
2    1.02041    -0.714213
2    1.06122    -0.727789
2    1.10204    -0.74056
2    1.14286    -0.752577
2    1.18367    -0.763886
2    1.22449    -0.774532
2    1.26531    -0.784559
2    1.30612    -0.794006
2    1.34694    -0.80291
2    1.38776    -0.811308
2    1.42857    -0.819232
2    1.46939    -0.826713
2    1.5102    -0.83378
2    1.55102    -0.840459
2    1.59184    -0.846776
2    1.63265    -0.852754
2    1.67347    -0.858415
2    1.71429    -0.863779
2    1.7551    -0.868864
2    1.79592    -0.873689
2    1.83673    -0.878268
2    1.87755    -0.882618
2    1.91837    -0.886753
2    1.95918    -0.890685
2    2    -0.894427
3    0    0
3    0.0408163    -0.0210366
3    0.0816327    -0.0433398
3    0.122449    -0.0669118
3    0.163265    -0.0917355
3    0.204082    -0.117772
3    0.244898    -0.144958
3    0.285714    -0.173205
3    0.326531    -0.202397
3    0.367347    -0.232394
3    0.408163    -0.263032
3    0.44898    -0.294126
3    0.489796    -0.325479
3    0.530612    -0.356884
3    0.571429    -0.388133
3    0.612245    -0.419023
3    0.653061    -0.449362
3    0.693878    -0.478975
3    0.734694    -0.507711
3    0.77551    -0.53544
3    0.816327    -0.562061
3    0.857143    -0.587498
3    0.897959    -0.611699
3    0.938776    -0.634637
3    0.979592    -0.656306
3    1.02041    -0.676715
3    1.06122    -0.69589
3    1.10204    -0.713868
3    1.14286    -0.730693
3    1.18367    -0.746418
3    1.22449    -0.761099
3    1.26531    -0.774792
3    1.30612    -0.787559
3    1.34694    -0.799456
3    1.38776    -0.810542
3    1.42857    -0.820871
3    1.46939    -0.830498
3    1.5102    -0.839471
3    1.55102    -0.847838
3    1.59184    -0.855645
3    1.63265    -0.862933
3    1.67347    -0.869739
3    1.71429    -0.876102
3    1.7551    -0.882052
3    1.79592    -0.887623
3    1.83673    -0.892841
3    1.87755    -0.897733
3    1.91837    -0.902323
3    1.95918    -0.906633
3    2    -0.910684
4    0    0
4    0.0408163    -0.0204336
4    0.0816327    -0.0410198
4    0.122449    -0.061909
4    0.163265    -0.0832476
4    0.204082    -0.105175
4    0.244898    -0.127821
4    0.285714    -0.1513
4    0.326531    -0.17571
4    0.367347    -0.201122
4    0.408163    -0.227578
4    0.44898    -0.255084
4    0.489796    -0.283605
4    0.530612    -0.31306
4    0.571429    -0.343321
4    0.612245    -0.374215
4    0.653061    -0.405528
4    0.693878    -0.437015
4    0.734694    -0.46841
4    0.77551    -0.499444
4    0.816327    -0.529852
4    0.857143    -0.559393
4    0.897959    -0.587856
4    0.938776    -0.61507
4    0.979592    -0.640907
4    1.02041    -0.665283
4    1.06122    -0.688151
4    1.10204    -0.709503
4    1.14286    -0.729359
4    1.18367    -0.747764
4    1.22449    -0.764779
4    1.26531    -0.780476
4    1.30612    -0.794937
4    1.34694    -0.808247
4    1.38776    -0.82049
4    1.42857    -0.831749
4    1.46939    -0.842104
4    1.5102    -0.851632
4    1.55102    -0.860404
4    1.59184    -0.868485
4    1.63265    -0.875937
4    1.67347    -0.882816
4    1.71429    -0.889172
4    1.7551    -0.895052
4    1.79592    -0.900499
4    1.83673    -0.905551
4    1.87755    -0.910241
4    1.91837    -0.914602
4    1.95918    -0.918662
4    2    -0.922447
5    0    0
5    0.0408163    -0.0204132
5    0.0816327    -0.0408625
5    0.122449    -0.0614009
5    0.163265    -0.0820989
5    0.204082    -0.103044
5    0.244898    -0.12434
5    0.285714    -0.146102
5    0.326531    -0.168456
5    0.367347    -0.191533
5    0.408163    -0.215465
5    0.44898    -0.240373
5    0.489796    -0.266362
5    0.530612    -0.293506
5    0.571429    -0.321835
5    0.612245    -0.351326
5    0.653061    -0.381886
5    0.693878    -0.413351
5    0.734694    -0.445483
5    0.77551    -0.477977
5    0.816327    -0.510483
5    0.857143    -0.542624
5    0.897959    -0.574029
5    0.938776    -0.604356
5    0.979592    -0.633317
5    1.02041    -0.660691
5    1.06122    -0.68633
5    1.10204    -0.710155
5    1.14286    -0.732149
5    1.18367    -0.752345
5    1.22449    -0.770816
5    1.26531    -0.787658
5    1.30612    -0.802984
5    1.34694    -0.816913
5    1.38776    -0.829567
5    1.42857    -0.841064
5    1.46939    -0.851515
5    1.5102    -0.861025
5    1.55102    -0.869688
5    1.59184    -0.877592
5    1.63265    -0.884814
5    1.67347    -0.891425
5    1.71429    -0.897488
5    1.7551    -0.903058
5    1.79592    -0.908184
5    1.83673    -0.912911
5    1.87755    -0.917279
5    1.91837    -0.921321
5    1.95918    -0.925069
5    2    -0.92855
6    0    0
6    0.0408163    -0.0204124
6    0.0816327    -0.0408513
6    0.122449    -0.0613466
6    0.163265    -0.0819356
6    0.204082    -0.102666
6    0.244898    -0.123598
6    0.285714    -0.144809
6    0.326531    -0.166394
6    0.367347    -0.188463
6    0.408163    -0.211148
6    0.44898    -0.234592
6    0.489796    -0.258948
6    0.530612    -0.284371
6    0.571429    -0.311
6    0.612245    -0.338945
6    0.653061    -0.368265
6    0.693878    -0.398939
6    0.734694    -0.43085
6    0.77551    -0.463766
6    0.816327    -0.497342
6    0.857143    -0.531139
6    0.897959    -0.564654
6    0.938776    -0.597374
6    0.979592    -0.628826
6    1.02041    -0.658619
6    1.06122    -0.68647
6    1.10204    -0.712212
6    1.14286    -0.735783
6    1.18367    -0.757211
6    1.22449    -0.776587
6    1.26531    -0.794046
6    1.30612    -0.809744
6    1.34694    -0.823847
6    1.38776    -0.836518
6    1.42857    -0.847914
6    1.46939    -0.858177
6    1.5102    -0.867438
6    1.55102    -0.875813
6    1.59184    -0.883405
6    1.63265    -0.890304
6    1.67347    -0.89659
6    1.71429    -0.902332
6    1.7551    -0.907591
6    1.79592    -0.912418
6    1.83673    -0.91686
6    1.87755    -0.920958
6    1.91837    -0.924747
6    1.95918    -0.928257
6    2    -0.931517
7    0    0
7    0.0408163    -0.0204124
7    0.0816327    -0.0408505
7    0.122449    -0.0613406
7    0.163265    -0.0819116
7    0.204082    -0.102596
7    0.244898    -0.123435
7    0.285714    -0.144479
7    0.326531    -0.165791
7    0.367347    -0.187454
7    0.408163    -0.20957
7    0.44898    -0.232263
7    0.489796    -0.255684
7    0.530612    -0.280002
7    0.571429    -0.305403
7    0.612245    -0.332074
7    0.653061    -0.360184
7    0.693878    -0.389853
7    0.734694    -0.421111
7    0.77551    -0.453866
7    0.816327    -0.48786
7    0.857143    -0.522667
7    0.897959    -0.557711
7    0.938776    -0.592326
7    0.979592    -0.62584
7    1.02041    -0.657662
7    1.06122    -0.687347
7    1.10204    -0.714621
7    1.14286    -0.739377
7    1.18367    -0.761646
7    1.22449    -0.781554
7    1.26531    -0.799288
7    1.30612    -0.81506
7    1.34694    -0.829086
7    1.38776    -0.841577
7    1.42857    -0.852723
7    1.46939    -0.862696
7    1.5102    -0.871647
7    1.55102    -0.879707
7    1.59184    -0.886989
7    1.63265    -0.893591
7    1.67347    -0.899595
7    1.71429    -0.905074
7    1.7551    -0.910088
7    1.79592    -0.914691
7    1.83673    -0.918928
7    1.87755    -0.922839
7    1.91837    -0.926457
7    1.95918    -0.929813
7    2    -0.932932
8    0    0
8    0.0408163    -0.0204124
8    0.0816327    -0.0408504
8    0.122449    -0.06134
8    0.163265    -0.081908
8    0.204082    -0.102584
8    0.244898    -0.123399
8    0.285714    -0.144393
8    0.326531    -0.165612
8    0.367347    -0.187116
8    0.408163    -0.208982
8    0.44898    -0.231309
8    0.489796    -0.254224
8    0.530612    -0.277882
8    0.571429    -0.30247
8    0.612245    -0.328205
8    0.653061    -0.355315
8    0.693878    -0.384021
8    0.734694    -0.414489
8    0.77551    -0.44678
8    0.816327    -0.480779
8    0.857143    -0.516144
8    0.897959    -0.552287
8    0.938776    -0.588425
8    0.979592    -0.623687
8    1.02041    -0.657258
8    1.06122    -0.6885
8    1.10204    -0.717021
8    1.14286    -0.742671
8    1.18367    -0.765497
8    1.22449    -0.785678
8    1.26531    -0.803465
8    1.30612    -0.819133
8    1.34694    -0.832955
8    1.38776    -0.845181
8    1.42857    -0.856034
8    1.46939    -0.865706
8    1.5102    -0.874363
8    1.55102    -0.882144
8    1.59184    -0.889167
8    1.63265    -0.895532
8    1.67347    -0.901322
8    1.71429    -0.906608
8    1.7551    -0.911451
8    1.79592    -0.915901
8    1.83673    -0.920003
8    1.87755    -0.923793
8    1.91837    -0.927306
8    1.95918    -0.930568
8    2    -0.933604
9    0    0
9    0.0408163    -0.0204124
9    0.0816327    -0.0408504
9    0.122449    -0.0613399
9    0.163265    -0.0819075
9    0.204082    -0.102581
9    0.244898    -0.123391
9    0.285714    -0.14437
9    0.326531    -0.165557
9    0.367347    -0.187001
9    0.408163    -0.20876
9    0.44898    -0.230914
9    0.489796    -0.253563
9    0.530612    -0.27684
9    0.571429    -0.300917
9    0.612245    -0.326004
9    0.653061    -0.352353
9    0.693878    -0.380239
9    0.734694    -0.409931
9    0.77551    -0.44163
9    0.816327    -0.475383
9    0.857143    -0.510984
9    0.897959    -0.547899
9    0.938776    -0.585272
9    0.979592    -0.622042
9    1.02041    -0.657148
9    1.06122    -0.689737
9    1.10204    -0.719284
9    1.14286    -0.745602
9    1.18367    -0.768773
9    1.22449    -0.789045
9    1.26531    -0.806745
9    1.30612    -0.822216
9    1.34694    -0.835779
9    1.38776    -0.847722
9    1.42857    -0.858292
9    1.46939    -0.867694
9    1.5102    -0.876102
9    1.55102    -0.883659
9    1.59184    -0.890483
9    1.63265    -0.896673
9    1.67347    -0.902311
9    1.71429    -0.907464
9    1.7551    -0.912192
9    1.79592    -0.916544
9    1.83673    -0.92056
9    1.87755    -0.924277
9    1.91837    -0.927726
9    1.95918    -0.930934
9    2    -0.933924
10    0    0
10    0.0408163    -0.0204124
10    0.0816327    -0.0408504
10    0.122449    -0.0613399
10    0.163265    -0.0819074
10    0.204082    -0.102581
10    0.244898    -0.123389
10    0.285714    -0.144364
10    0.326531    -0.165541
10    0.367347    -0.186961
10    0.408163    -0.208676
10    0.44898    -0.230748
10    0.489796    -0.25326
10    0.530612    -0.276324
10    0.571429    -0.300087
10    0.612245    -0.324743
10    0.653061    -0.350538
10    0.693878    -0.377769
10    0.734694    -0.406769
10    0.77551    -0.43785
10    0.816327    -0.471218
10    0.857143    -0.506832
10    0.897959    -0.544266
10    0.938776    -0.582642
10    0.979592    -0.620729
10    1.02041    -0.657205
10    1.06122    -0.690972
10    1.10204    -0.721366
10    1.14286    -0.748174
10    1.18367    -0.771532
10    1.22449    -0.791772
10    1.26531    -0.809303
10    1.30612    -0.824532
10    1.34694    -0.837827
10    1.38776    -0.849504
10    1.42857    -0.859824
10    1.46939    -0.869002
10    1.5102    -0.877213
10    1.55102    -0.884599
10    1.59184    -0.891277
10    1.63265    -0.897343
10    1.67347    -0.902876
10    1.71429    -0.907942
10    1.7551    -0.912596
10    1.79592    -0.916885
10    1.83673    -0.92085
10    1.87755    -0.924523
10    1.91837    -0.927935
10    1.95918    -0.931112
10    2    -0.934076
11    0    0
11    0.0408163    -0.0204124
11    0.0816327    -0.0408504
11    0.122449    -0.0613399
11    0.163265    -0.0819074
11    0.204082    -0.102581
11    0.244898    -0.123388
11    0.285714    -0.144362
11    0.326531    -0.165536
11    0.367347    -0.186948
11    0.408163    -0.208643
11    0.44898    -0.230678
11    0.489796    -0.253121
11    0.530612    -0.276067
11    0.571429    -0.299641
11    0.612245    -0.324015
11    0.653061    -0.349419
11    0.693878    -0.376148
11    0.734694    -0.404564
11    0.77551    -0.43506
11    0.816327    -0.467978
11    0.857143    -0.503453
11    0.897959    -0.541208
11    0.938776    -0.580398
11    0.979592    -0.619646
11    1.02041    -0.657356
11    1.06122    -0.692165
11    1.10204    -0.723259
11    1.14286    -0.750417
11    1.18367    -0.773844
11    1.22449    -0.793969
11    1.26531    -0.811287
11    1.30612    -0.826265
11    1.34694    -0.839307
11    1.38776    -0.850749
11    1.42857    -0.860861
11    1.46939    -0.86986
11    1.5102    -0.87792
11    1.55102    -0.885181
11    1.59184    -0.891756
11    1.63265    -0.897737
11    1.67347    -0.9032
11    1.71429    -0.908209
11    1.7551    -0.912816
11    1.79592    -0.917067
11    1.83673    -0.921
11    1.87755    -0.924648
11    1.91837    -0.92804
11    1.95918    -0.931199
11    2    -0.934148
12    0    0
12    0.0408163    -0.0204124
12    0.0816327    -0.0408504
12    0.122449    -0.0613399
12    0.163265    -0.0819074
12    0.204082    -0.102581
12    0.244898    -0.123388
12    0.285714    -0.144362
12    0.326531    -0.165534
12    0.367347    -0.186943
12    0.408163    -0.208631
12    0.44898    -0.230648
12    0.489796    -0.253056
12    0.530612    -0.275937
12    0.571429    -0.2994
12    0.612245    -0.323594
12    0.653061    -0.348726
12    0.693878    -0.375079
12    0.734694    -0.40302
12    0.77551    -0.432992
12    0.816327    -0.465444
12    0.857143    -0.50068
12    0.897959    -0.538604
12    0.938776    -0.578451
12    0.979592    -0.618729
12    1.02041    -0.657562
12    1.06122    -0.693298
12    1.10204    -0.724972
12    1.14286    -0.752364
12    1.18367    -0.775773
12    1.22449    -0.795734
12    1.26531    -0.812823
12    1.30612    -0.827559
12    1.34694    -0.840375
12    1.38776    -0.851618
12    1.42857    -0.861563
12    1.46939    -0.870424
12    1.5102    -0.878372
12    1.55102    -0.885543
12    1.59184    -0.892045
12    1.63265    -0.897968
12    1.67347    -0.903386
12    1.71429    -0.908358
12    1.7551    -0.912936
12    1.79592    -0.917164
12    1.83673    -0.921079
12    1.87755    -0.924712
12    1.91837    -0.928092
12    1.95918    -0.931242
12    2    -0.934183
