1 	1	 0.3253838042041857 	0.0 	 8	 100 	 0.6725833911796748 	 0.6017598123894723 
1 	2	 0.3253838042041857 	0.0 	 8	 100 	 0.6913446788622309 	 0.5338388865189834 
1 	3	 0.3253838042041857 	0.0 	 8	 100 	 0.6934317003841777 	 0.5110256891657563 
1 	4	 0.3253838042041857 	0.0 	 8	 100 	 0.6936550014123257 	 0.5035722893639261 
1 	5	 0.3253838042041857 	0.0 	 8	 100 	 0.6936787455663216 	 0.5011459082336965 
1 	6	 0.3253838042041857 	0.0 	 8	 100 	 0.6936812668919342 	 0.500356362223205 
1 	7	 0.3253838042041857 	0.0 	 8	 100 	 0.693681534466488 	 0.5000994556643354 
1 	8	 0.3253838042041857 	0.0 	 8	 100 	 0.6936815628510619 	 0.5000158655474549 
1 	9	 0.3253838042041857 	0.0 	 8	 100 	 0.6936815585606229 	 0.5000373682520263 
1 	10	 0.3253838042041857 	0.0 	 8	 100 	 0.6936811309132331 	 0.5004420520315922 
1 	11	 0.3253838042041857 	0.0 	 8	 100 	 0.6933915500006423 	 0.5120163030801096 
1 	12	 0.3253838042041857 	0.0 	 8	 100 	 0.6860650830645836 	 0.56160501353964 
1 	13	 0.3253838042041857 	0.0 	 8	 100 	 0.001105449230188388 	 0.999898462209377 
1 	14	 0.3253838042041857 	0.0 	 8	 100 	 0.0005343873401947467 	 0.9999510857397903 
1 	15	 0.3253838042041857 	0.0 	 8	 100 	 0.0005343873438988298 	 0.9999510857394063 
1 	16	 0.3253838042041857 	0.0 	 8	 100 	 0.0005343873444289219 	 0.9999510857393515 
1 	17	 0.3253838042041857 	0.0 	 8	 100 	 0.0005343873444945442 	 0.9999510857393448 
1 	18	 0.3253838042041857 	0.0 	 8	 100 	 0.0005343873445029527 	 0.999951085739344 
1 	19	 0.3253838042041857 	0.0 	 8	 100 	 0.0005343873445052099 	 0.9999510857393439 
1 	20	 0.3253838042041857 	0.0 	 8	 100 	 0.0005343873445040938 	 0.9999510857393439 
1 	21	 0.3253838042041857 	0.0 	 8	 100 	 0.000534387344504811 	 0.9999510857393439 
1 	22	 0.3253838042041857 	0.0 	 8	 100 	 0.0005343873445036203 	 0.9999510857393439 
1 	23	 0.3253838042041857 	0.0 	 8	 100 	 0.0005343873445039415 	 0.9999510857393439 
1 	24	 0.3253838042041857 	0.0 	 8	 100 	 0.0005343873445061051 	 0.9999510857393439 
1 	25	 0.3253838042041857 	0.0 	 8	 100 	 0.0005343873445038188 	 0.9999510857393439 
1 	26	 0.3253838042041857 	0.0 	 8	 100 	 0.0005343873445044701 	 0.9999510857393439 
1 	27	 0.3253838042041857 	0.0 	 8	 100 	 0.0005343873445047618 	 0.9999510857393439 
1 	28	 0.3253838042041857 	0.0 	 8	 100 	 0.0005343873445037131 	 0.9999510857393439 
1 	29	 0.3253838042041857 	0.0 	 8	 100 	 0.0005343873445034287 	 0.9999510857393439 
1 	30	 0.3253838042041857 	0.0 	 8	 100 	 0.0005343873445054654 	 0.9999510857393439 
1 	31	 0.3253838042041857 	0.0 	 8	 100 	 0.0005343873445058479 	 0.9999510857393439 
1 	32	 0.3253838042041857 	0.0 	 8	 100 	 0.000534387344505679 	 0.9999510857393439 
1 	33	 0.3253838042041857 	0.0 	 8	 100 	 0.0005343873445043093 	 0.9999510857393439 
1 	34	 0.3253838042041857 	0.0 	 8	 100 	 0.0005343873445053632 	 0.9999510857393439 
1 	35	 0.3253838042041857 	0.0 	 8	 100 	 0.0005343873445041185 	 0.9999510857393439 
1 	36	 0.3253838042041857 	0.0 	 8	 100 	 0.0005343873445041946 	 0.9999510857393439 
1 	37	 0.3253838042041857 	0.0 	 8	 100 	 0.0005343873445051516 	 0.9999510857393439 
1 	38	 0.3253838042041857 	0.0 	 8	 100 	 0.0005343873445048903 	 0.9999510857393439 
1 	39	 0.3253838042041857 	0.0 	 8	 100 	 0.0005343873445049304 	 0.9999510857393439 
1 	40	 0.3253838042041857 	0.0 	 8	 100 	 0.0005343873445042211 	 0.9999510857393439 
1 	41	 0.3253838042041857 	0.0 	 8	 100 	 0.0005343873445046723 	 0.9999510857393439 
1 	42	 0.3253838042041857 	0.0 	 8	 100 	 0.0005343873445036818 	 0.9999510857393439 
1 	43	 0.3253838042041857 	0.0 	 8	 100 	 0.0005343873445037925 	 0.9999510857393439 
1 	44	 0.3253838042041857 	0.0 	 8	 100 	 0.0005343873445056119 	 0.9999510857393439 
1 	45	 0.3253838042041857 	0.0 	 8	 100 	 0.0005343873445038107 	 0.9999510857393439 
1 	46	 0.3253838042041857 	0.0 	 8	 100 	 0.0005343873445057711 	 0.9999510857393439 
1 	47	 0.3253838042041857 	0.0 	 8	 100 	 0.0005343873445052598 	 0.9999510857393439 
1 	48	 0.3253838042041857 	0.0 	 8	 100 	 0.0005343873445047199 	 0.9999510857393439 
1 	49	 0.3253838042041857 	0.0 	 8	 100 	 0.000534387344505132 	 0.9999510857393439 
1 	50	 0.3253838042041857 	0.0 	 8	 100 	 0.0005343873445043982 	 0.9999510857393439 
1 	51	 0.3253838042041857 	0.0 	 8	 100 	 0.000534387344504363 	 0.9999510857393439 
1 	52	 0.3253838042041857 	0.0 	 8	 100 	 0.0005343873445037008 	 0.9999510857393439 
1 	53	 0.3253838042041857 	0.0 	 8	 100 	 0.0005343873445045151 	 0.9999510857393439 
1 	54	 0.3253838042041857 	0.0 	 8	 100 	 0.0005343873445053078 	 0.9999510857393439 
1 	55	 0.3253838042041857 	0.0 	 8	 100 	 0.0005343873445040271 	 0.9999510857393439 
1 	56	 0.3253838042041857 	0.0 	 8	 100 	 0.0005343873445040941 	 0.9999510857393439 
1 	57	 0.3253838042041857 	0.0 	 8	 100 	 0.000534387344505439 	 0.9999510857393439 
1 	58	 0.3253838042041857 	0.0 	 8	 100 	 0.0005343873445044358 	 0.9999510857393439 
1 	59	 0.3253838042041857 	0.0 	 8	 100 	 0.0005343873445055218 	 0.9999510857393439 
1 	60	 0.3253838042041857 	0.0 	 8	 100 	 0.0005343873445043096 	 0.9999510857393439 
1 	61	 0.3253838042041857 	0.0 	 8	 100 	 0.0005343873445053135 	 0.9999510857393439 
1 	62	 0.3253838042041857 	0.0 	 8	 100 	 0.0005343873445036116 	 0.9999510857393439 
1 	63	 0.3253838042041857 	0.0 	 8	 100 	 0.0005343873445035241 	 0.9999510857393439 
1 	64	 0.3253838042041857 	0.0 	 8	 100 	 0.0005343873445053574 	 0.9999510857393439 
1 	65	 0.3253838042041857 	0.0 	 8	 100 	 0.0005343873445059789 	 0.9999510857393439 
1 	66	 0.3253838042041857 	0.0 	 8	 100 	 0.0005343873445039189 	 0.9999510857393439 
1 	67	 0.3253838042041857 	0.0 	 8	 100 	 0.0005343873445046658 	 0.9999510857393439 
1 	68	 0.3253838042041857 	0.0 	 8	 100 	 0.0005343873445050392 	 0.9999510857393439 
1 	69	 0.3253838042041857 	0.0 	 8	 100 	 0.0005343873445049824 	 0.9999510857393439 
1 	70	 0.3253838042041857 	0.0 	 8	 100 	 0.000534387344505088 	 0.9999510857393439 
1 	71	 0.3253838042041857 	0.0 	 8	 100 	 0.000534387344505857 	 0.9999510857393439 
1 	72	 0.3253838042041857 	0.0 	 8	 100 	 0.0005343873445055302 	 0.9999510857393439 
1 	73	 0.3253838042041857 	0.0 	 8	 100 	 0.000534387344504203 	 0.9999510857393439 
1 	74	 0.3253838042041857 	0.0 	 8	 100 	 0.0005343873445054168 	 0.9999510857393439 
1 	75	 0.3253838042041857 	0.0 	 8	 100 	 0.0005343873445034686 	 0.9999510857393439 
1 	76	 0.3253838042041857 	0.0 	 8	 100 	 0.0005343873445053992 	 0.9999510857393439 
1 	77	 0.3253838042041857 	0.0 	 8	 100 	 0.0005343873445057769 	 0.9999510857393439 
1 	78	 0.3253838042041857 	0.0 	 8	 100 	 0.0005343873445053596 	 0.9999510857393438 
1 	79	 0.3253838042041857 	0.0 	 8	 100 	 0.0005343873445062294 	 0.9999510857393439 
1 	80	 0.3253838042041857 	0.0 	 8	 100 	 0.0005343873445054067 	 0.9999510857393439 
1 	81	 0.3253838042041857 	0.0 	 8	 100 	 0.0005343873445048834 	 0.9999510857393439 
1 	82	 0.3253838042041857 	0.0 	 8	 100 	 0.0005343873445050899 	 0.9999510857393439 
1 	83	 0.3253838042041857 	0.0 	 8	 100 	 0.000534387344504917 	 0.9999510857393439 
1 	84	 0.3253838042041857 	0.0 	 8	 100 	 0.0005343873445053714 	 0.9999510857393439 
1 	85	 0.3253838042041857 	0.0 	 8	 100 	 0.0005343873445038095 	 0.9999510857393439 
1 	86	 0.3253838042041857 	0.0 	 8	 100 	 0.000534387344503941 	 0.9999510857393439 
1 	87	 0.3253838042041857 	0.0 	 8	 100 	 0.0005343873445057177 	 0.9999510857393439 
1 	88	 0.3253838042041857 	0.0 	 8	 100 	 0.0005343873445051288 	 0.9999510857393439 
1 	89	 0.3253838042041857 	0.0 	 8	 100 	 0.0005343873445047722 	 0.9999510857393439 
1 	90	 0.3253838042041857 	0.0 	 8	 100 	 0.000534387344503907 	 0.9999510857393439 
1 	91	 0.3253838042041857 	0.0 	 8	 100 	 0.0005343873445032535 	 0.9999510857393439 
1 	92	 0.3253838042041857 	0.0 	 8	 100 	 0.0005343873445046132 	 0.9999510857393439 
1 	93	 0.3253838042041857 	0.0 	 8	 100 	 0.0005343873445038239 	 0.9999510857393439 
1 	94	 0.3253838042041857 	0.0 	 8	 100 	 0.0005343873445040194 	 0.9999510857393439 
1 	95	 0.3253838042041857 	0.0 	 8	 100 	 0.0005343873445045399 	 0.9999510857393439 
1 	96	 0.3253838042041857 	0.0 	 8	 100 	 0.0005343873445046751 	 0.9999510857393439 
1 	97	 0.3253838042041857 	0.0 	 8	 100 	 0.0005343873445036753 	 0.9999510857393439 
1 	98	 0.3253838042041857 	0.0 	 8	 100 	 0.0005343873445042942 	 0.9999510857393439 
1 	99	 0.3253838042041857 	0.0 	 8	 100 	 0.000534387344505468 	 0.9999510857393439 
1 	1	 0.594678350693244 	0.0 	 8	 100 	 0.5372286247445339 	 0.7723013752420993 
1 	2	 0.594678350693244 	0.0 	 8	 100 	 0.6289293555853358 	 0.6807628948699154 
1 	3	 0.594678350693244 	0.0 	 8	 100 	 0.6714623199953733 	 0.6134898849830679 
1 	4	 0.594678350693244 	0.0 	 8	 100 	 0.6888651288194394 	 0.5690050216946088 
1 	5	 0.594678350693244 	0.0 	 8	 100 	 0.6954691272951232 	 0.5412932288402487 
1 	6	 0.594678350693244 	0.0 	 8	 100 	 0.6978845919148909 	 0.5245003306567173 
1 	7	 0.594678350693244 	0.0 	 8	 100 	 0.6987535889200925 	 0.5144407283403682 
1 	8	 0.594678350693244 	0.0 	 8	 100 	 0.6990639592236267 	 0.5084419729101166 
1 	9	 0.594678350693244 	0.0 	 8	 100 	 0.6991744457381082 	 0.5048709679742557 
1 	10	 0.594678350693244 	0.0 	 8	 100 	 0.6992137128800416 	 0.5027465362317189 
1 	11	 0.594678350693244 	0.0 	 8	 100 	 0.6992276556024918 	 0.5014829744487495 
1 	12	 0.594678350693244 	0.0 	 8	 100 	 0.6992326032770224 	 0.5007314955110285 
1 	13	 0.594678350693244 	0.0 	 8	 100 	 0.6992343581962983 	 0.5002845785166976 
1 	14	 0.594678350693244 	0.0 	 8	 100 	 0.6992349804301797 	 0.5000187911158929 
1 	15	 0.594678350693244 	0.0 	 8	 100 	 0.6992352009845996 	 0.4998607239135512 
1 	16	 0.594678350693244 	0.0 	 8	 100 	 0.6992352791384269 	 0.4997667231080972 
1 	17	 0.594678350693244 	0.0 	 8	 100 	 0.6992353068119767 	 0.49971086697756717 
1 	18	 0.594678350693244 	0.0 	 8	 100 	 0.6992353163541761 	 0.49967899297161344 
1 	19	 0.594678350693244 	0.0 	 8	 100 	 0.6992353115450508 	 0.4997003193847237 
1 	20	 0.594678350693244 	0.0 	 8	 100 	 0.6992353129548978 	 0.49969574222642965 
1 	21	 0.594678350693244 	0.0 	 8	 100 	 0.6992352054888592 	 0.4998699461238578 
1 	22	 0.594678350693244 	0.0 	 8	 100 	 0.6992334266080268 	 0.5006015521022732 
1 	23	 0.594678350693244 	0.0 	 8	 100 	 0.6992265093335553 	 0.5017263440178376 
1 	24	 0.594678350693244 	0.0 	 8	 100 	 0.6992352477640008 	 0.4998213114881188 
1 	25	 0.594678350693244 	0.0 	 8	 100 	 0.6903483765403827 	 0.5661398318729227 
1 	26	 0.594678350693244 	0.0 	 8	 100 	 0.6252568193935737 	 0.6894028003661739 
1 	27	 0.594678350693244 	0.0 	 8	 100 	 0.0060885363049093325 	 0.9992575482479724 
1 	28	 0.594678350693244 	0.0 	 8	 100 	 0.006088565991705312 	 0.9992575434346029 
1 	29	 0.594678350693244 	0.0 	 8	 100 	 0.006088586099210434 	 0.9992575403132335 
1 	30	 0.594678350693244 	0.0 	 8	 100 	 0.006088595710156173 	 0.9992575388683874 
1 	31	 0.594678350693244 	0.0 	 8	 100 	 0.006088599711531013 	 0.9992575382757307 
1 	32	 0.594678350693244 	0.0 	 8	 100 	 0.00608860126678103 	 0.9992575380473095 
1 	33	 0.594678350693244 	0.0 	 8	 100 	 0.006088601847285596 	 0.9992575379624976 
1 	34	 0.594678350693244 	0.0 	 8	 100 	 0.006088602058404387 	 0.9992575379317603 
1 	35	 0.594678350693244 	0.0 	 8	 100 	 0.006088602133849776 	 0.9992575379208024 
1 	36	 0.594678350693244 	0.0 	 8	 100 	 0.006088602160482404 	 0.9992575379169407 
1 	37	 0.594678350693244 	0.0 	 8	 100 	 0.006088602169802348 	 0.9992575379155909 
1 	38	 0.594678350693244 	0.0 	 8	 100 	 0.006088602173040915 	 0.9992575379151221 
1 	39	 0.594678350693244 	0.0 	 8	 100 	 0.006088602174163121 	 0.9992575379149594 
1 	40	 0.594678350693244 	0.0 	 8	 100 	 0.006088602174547097 	 0.9992575379149037 
1 	41	 0.594678350693244 	0.0 	 8	 100 	 0.006088602174686483 	 0.9992575379148839 
1 	42	 0.594678350693244 	0.0 	 8	 100 	 0.006088602174735161 	 0.999257537914877 
1 	43	 0.594678350693244 	0.0 	 8	 100 	 0.006088602174743187 	 0.9992575379148756 
1 	44	 0.594678350693244 	0.0 	 8	 100 	 0.006088602174750039 	 0.9992575379148743 
1 	45	 0.594678350693244 	0.0 	 8	 100 	 0.006088602174754246 	 0.9992575379148737 
1 	46	 0.594678350693244 	0.0 	 8	 100 	 0.006088602174755645 	 0.999257537914874 
1 	47	 0.594678350693244 	0.0 	 8	 100 	 0.00608860217475593 	 0.999257537914874 
1 	48	 0.594678350693244 	0.0 	 8	 100 	 0.0060886021747557535 	 0.9992575379148735 
1 	49	 0.594678350693244 	0.0 	 8	 100 	 0.0060886021747558455 	 0.9992575379148737 
1 	50	 0.594678350693244 	0.0 	 8	 100 	 0.006088602174750546 	 0.9992575379148743 
1 	51	 0.594678350693244 	0.0 	 8	 100 	 0.006088602174750943 	 0.9992575379148744 
1 	52	 0.594678350693244 	0.0 	 8	 100 	 0.006088602174755291 	 0.9992575379148739 
1 	53	 0.594678350693244 	0.0 	 8	 100 	 0.006088602174748061 	 0.9992575379148746 
1 	54	 0.594678350693244 	0.0 	 8	 100 	 0.006088602174754562 	 0.9992575379148738 
1 	55	 0.594678350693244 	0.0 	 8	 100 	 0.006088602174756073 	 0.9992575379148739 
1 	56	 0.594678350693244 	0.0 	 8	 100 	 0.006088602174751172 	 0.9992575379148744 
1 	57	 0.594678350693244 	0.0 	 8	 100 	 0.006088602174751885 	 0.9992575379148739 
1 	58	 0.594678350693244 	0.0 	 8	 100 	 0.006088602174746747 	 0.9992575379148747 
1 	59	 0.594678350693244 	0.0 	 8	 100 	 0.006088602174748935 	 0.9992575379148746 
1 	60	 0.594678350693244 	0.0 	 8	 100 	 0.00608860217476143 	 0.9992575379148728 
1 	61	 0.594678350693244 	0.0 	 8	 100 	 0.0060886021747620055 	 0.9992575379148728 
1 	62	 0.594678350693244 	0.0 	 8	 100 	 0.00608860217475625 	 0.9992575379148736 
1 	63	 0.594678350693244 	0.0 	 8	 100 	 0.0060886021747543866 	 0.9992575379148738 
1 	64	 0.594678350693244 	0.0 	 8	 100 	 0.006088602174751728 	 0.9992575379148744 
1 	65	 0.594678350693244 	0.0 	 8	 100 	 0.006088602174751165 	 0.9992575379148744 
1 	66	 0.594678350693244 	0.0 	 8	 100 	 0.006088602174751342 	 0.9992575379148743 
1 	67	 0.594678350693244 	0.0 	 8	 100 	 0.0060886021747505615 	 0.9992575379148741 
1 	68	 0.594678350693244 	0.0 	 8	 100 	 0.006088602174758001 	 0.9992575379148734 
1 	69	 0.594678350693244 	0.0 	 8	 100 	 0.006088602174762293 	 0.999257537914873 
1 	70	 0.594678350693244 	0.0 	 8	 100 	 0.006088602174743861 	 0.9992575379148755 
1 	71	 0.594678350693244 	0.0 	 8	 100 	 0.006088602174768135 	 0.999257537914872 
1 	72	 0.594678350693244 	0.0 	 8	 100 	 0.006088602174752845 	 0.9992575379148737 
1 	73	 0.594678350693244 	0.0 	 8	 100 	 0.006088602174765522 	 0.9992575379148724 
1 	74	 0.594678350693244 	0.0 	 8	 100 	 0.006088602174759867 	 0.9992575379148732 
1 	75	 0.594678350693244 	0.0 	 8	 100 	 0.006088602174762291 	 0.9992575379148727 
1 	76	 0.594678350693244 	0.0 	 8	 100 	 0.006088602174760866 	 0.9992575379148732 
1 	77	 0.594678350693244 	0.0 	 8	 100 	 0.006088602174740041 	 0.9992575379148759 
1 	78	 0.594678350693244 	0.0 	 8	 100 	 0.0060886021747554265 	 0.9992575379148737 
1 	79	 0.594678350693244 	0.0 	 8	 100 	 0.006088602174754281 	 0.999257537914874 
1 	80	 0.594678350693244 	0.0 	 8	 100 	 0.006088602174753318 	 0.9992575379148745 
1 	81	 0.594678350693244 	0.0 	 8	 100 	 0.006088602174748811 	 0.9992575379148748 
1 	82	 0.594678350693244 	0.0 	 8	 100 	 0.006088602174758286 	 0.9992575379148734 
1 	83	 0.594678350693244 	0.0 	 8	 100 	 0.0060886021747674594 	 0.9992575379148719 
1 	84	 0.594678350693244 	0.0 	 8	 100 	 0.006088602174743564 	 0.9992575379148751 
1 	85	 0.594678350693244 	0.0 	 8	 100 	 0.006088602174771675 	 0.9992575379148713 
1 	86	 0.594678350693244 	0.0 	 8	 100 	 0.006088602174751357 	 0.9992575379148743 
1 	87	 0.594678350693244 	0.0 	 8	 100 	 0.0060886021747551195 	 0.9992575379148738 
1 	88	 0.594678350693244 	0.0 	 8	 100 	 0.00608860217475763 	 0.9992575379148732 
1 	89	 0.594678350693244 	0.0 	 8	 100 	 0.006088602174752964 	 0.9992575379148739 
1 	90	 0.594678350693244 	0.0 	 8	 100 	 0.006088602174756974 	 0.9992575379148736 
1 	91	 0.594678350693244 	0.0 	 8	 100 	 0.006088602174757624 	 0.9992575379148734 
1 	92	 0.594678350693244 	0.0 	 8	 100 	 0.006088602174762538 	 0.9992575379148728 
1 	93	 0.594678350693244 	0.0 	 8	 100 	 0.006088602174751542 	 0.9992575379148744 
1 	94	 0.594678350693244 	0.0 	 8	 100 	 0.006088602174751333 	 0.9992575379148743 
1 	95	 0.594678350693244 	0.0 	 8	 100 	 0.0060886021747631885 	 0.9992575379148727 
1 	96	 0.594678350693244 	0.0 	 8	 100 	 0.00608860217474224 	 0.9992575379148755 
1 	97	 0.594678350693244 	0.0 	 8	 100 	 0.006088602174755649 	 0.9992575379148734 
1 	98	 0.594678350693244 	0.0 	 8	 100 	 0.006088602174743978 	 0.999257537914875 
1 	99	 0.594678350693244 	0.0 	 8	 100 	 0.006088602174744941 	 0.9992575379148754 
1 	1	 0.7726403721646382 	0.0 	 8	 100 	 0.41173496977239415 	 0.856595538490539 
1 	2	 0.7726403721646382 	0.0 	 8	 100 	 0.49894599547688995 	 0.8030416720900198 
1 	3	 0.7726403721646382 	0.0 	 8	 100 	 0.5634953082806466 	 0.7542815422232294 
1 	4	 0.7726403721646382 	0.0 	 8	 100 	 0.6116660990277641 	 0.7097683980389247 
1 	5	 0.7726403721646382 	0.0 	 8	 100 	 0.6465587524256828 	 0.6701172857906876 
1 	6	 0.7726403721646382 	0.0 	 8	 100 	 0.6708238235281447 	 0.6359151494710937 
1 	7	 0.7726403721646382 	0.0 	 8	 100 	 0.6870466351605016 	 0.6072935138748878 
1 	8	 0.7726403721646382 	0.0 	 8	 100 	 0.6975563841547187 	 0.5839240972527189 
1 	9	 0.7726403721646382 	0.0 	 8	 100 	 0.7042031020709316 	 0.5651890077613674 
1 	10	 0.7726403721646382 	0.0 	 8	 100 	 0.7083348285773967 	 0.5503606080810892 
1 	11	 0.7726403721646382 	0.0 	 8	 100 	 0.7108726725733087 	 0.5387251134303452 
1 	12	 0.7726403721646382 	0.0 	 8	 100 	 0.7124188998338379 	 0.5296463742411293 
1 	13	 0.7726403721646382 	0.0 	 8	 100 	 0.7133558412055845 	 0.5225880939189644 
1 	14	 0.7726403721646382 	0.0 	 8	 100 	 0.7139215093749235 	 0.5171130687325437 
1 	15	 0.7726403721646382 	0.0 	 8	 100 	 0.7142621824977851 	 0.5128721364020973 
1 	16	 0.7726403721646382 	0.0 	 8	 100 	 0.7144670058734084 	 0.5095899639798855 
1 	17	 0.7726403721646382 	0.0 	 8	 100 	 0.7145900066218767 	 0.5070511307005268 
1 	18	 0.7726403721646382 	0.0 	 8	 100 	 0.714663808431805 	 0.5050879012816063 
1 	19	 0.7726403721646382 	0.0 	 8	 100 	 0.7147080624111801 	 0.5035700548840789 
1 	20	 0.7726403721646382 	0.0 	 8	 100 	 0.7147345856827865 	 0.5023966760367982 
1 	21	 0.7726403721646382 	0.0 	 8	 100 	 0.7147504760697211 	 0.5014896441929857 
1 	22	 0.7726403721646382 	0.0 	 8	 100 	 0.7147599931711082 	 0.5007885238338836 
1 	23	 0.7726403721646382 	0.0 	 8	 100 	 0.7147656916592245 	 0.5002465787216135 
1 	24	 0.7726403721646382 	0.0 	 8	 100 	 0.7147691029266386 	 0.4998276745951141 
1 	25	 0.7726403721646382 	0.0 	 8	 100 	 0.714771144598115 	 0.4995038776521695 
1 	26	 0.7726403721646382 	0.0 	 8	 100 	 0.7147723663422465 	 0.499253594998303 
1 	27	 0.7726403721646382 	0.0 	 8	 100 	 0.7147730973256881 	 0.49906013587990294 
1 	28	 0.7726403721646382 	0.0 	 8	 100 	 0.714773534621168 	 0.4989105989977479 
1 	29	 0.7726403721646382 	0.0 	 8	 100 	 0.7147737961915543 	 0.4987950123381205 
1 	30	 0.7726403721646382 	0.0 	 8	 100 	 0.7147739526340635 	 0.49870566769448976 
1 	31	 0.7726403721646382 	0.0 	 8	 100 	 0.7147740461913258 	 0.49863660722683234 
1 	32	 0.7726403721646382 	0.0 	 8	 100 	 0.7147741021351306 	 0.4985832273526105 
1 	33	 0.7726403721646382 	0.0 	 8	 100 	 0.7147741355140104 	 0.4985420932395733 
1 	34	 0.7726403721646382 	0.0 	 8	 100 	 0.7147741555746545 	 0.4985100980457875 
1 	35	 0.7726403721646382 	0.0 	 8	 100 	 0.7147741675159939 	 0.4984854990313595 
1 	36	 0.7726403721646382 	0.0 	 8	 100 	 0.7147741741772263 	 0.4984683015759017 
1 	37	 0.7726403721646382 	0.0 	 8	 100 	 0.7147741768889758 	 0.49846103076741977 
1 	38	 0.7726403721646382 	0.0 	 8	 100 	 0.7147741609437173 	 0.4985097584937992 
1 	39	 0.7726403721646382 	0.0 	 8	 100 	 0.7147741292699046 	 0.49856765230311806 
1 	40	 0.7726403721646382 	0.0 	 8	 100 	 0.714773667978908 	 0.4989083094723159 
1 	41	 0.7726403721646382 	0.0 	 8	 100 	 0.7147735799839305 	 0.4989497932774677 
1 	42	 0.7726403721646382 	0.0 	 8	 100 	 0.7147729793393236 	 0.49917548509241116 
1 	43	 0.7726403721646382 	0.0 	 8	 100 	 0.7147700396044859 	 0.49983660399892504 
1 	44	 0.7726403721646382 	0.0 	 8	 100 	 0.714727348696792 	 0.5032252128509942 
1 	45	 0.7726403721646382 	0.0 	 8	 100 	 0.7147091378202305 	 0.5040861412262698 
1 	46	 0.7726403721646382 	0.0 	 8	 100 	 0.714445358659859 	 0.511182158441347 
1 	47	 0.7726403721646382 	0.0 	 8	 100 	 0.7141527218064722 	 0.5159708853925848 
1 	48	 0.7726403721646382 	0.0 	 8	 100 	 0.7103737517501345 	 0.5451236588766863 
1 	49	 0.7726403721646382 	0.0 	 8	 100 	 0.7123703521826014 	 0.5329454554510897 
1 	50	 0.7726403721646382 	0.0 	 8	 100 	 0.693427575114775 	 0.6010147754822954 
1 	51	 0.7726403721646382 	0.0 	 8	 100 	 0.614482457551281 	 0.7178013863955846 
1 	52	 0.7726403721646382 	0.0 	 8	 100 	 0.5642442645037458 	 0.7647641753142215 
1 	53	 0.7726403721646382 	0.0 	 8	 100 	 0.02162955738741098 	 0.9968026464233113 
1 	54	 0.7726403721646382 	0.0 	 8	 100 	 0.021631918583650836 	 0.9968023357314618 
1 	55	 0.7726403721646382 	0.0 	 8	 100 	 0.021633833456414113 	 0.9968020603662409 
1 	56	 0.7726403721646382 	0.0 	 8	 100 	 0.021635199628870356 	 0.9968018553037092 
1 	57	 0.7726403721646382 	0.0 	 8	 100 	 0.02163610577369766 	 0.996801716013782 
1 	58	 0.7726403721646382 	0.0 	 8	 100 	 0.021636681292309008 	 0.996801626241223 
1 	59	 0.7726403721646382 	0.0 	 8	 100 	 0.02163703687316809 	 0.9968015702394865 
1 	60	 0.7726403721646382 	0.0 	 8	 100 	 0.02163725254342853 	 0.9968015360478479 
1 	61	 0.7726403721646382 	0.0 	 8	 100 	 0.021637381685162493 	 0.9968015154784269 
1 	62	 0.7726403721646382 	0.0 	 8	 100 	 0.021637458310276008 	 0.9968015032325978 
1 	63	 0.7726403721646382 	0.0 	 8	 100 	 0.02163750347462046 	 0.9968014959968784 
1 	64	 0.7726403721646382 	0.0 	 8	 100 	 0.021637529966426643 	 0.9968014917449617 
1 	65	 0.7726403721646382 	0.0 	 8	 100 	 0.021637545450139753 	 0.9968014892565158 
1 	66	 0.7726403721646382 	0.0 	 8	 100 	 0.0216375544763971 	 0.9968014878044543 
1 	67	 0.7726403721646382 	0.0 	 8	 100 	 0.021637559728196296 	 0.9968014869590017 
1 	68	 0.7726403721646382 	0.0 	 8	 100 	 0.021637562779877512 	 0.9968014864674909 
1 	69	 0.7726403721646382 	0.0 	 8	 100 	 0.02163756455142675 	 0.9968014861820698 
1 	70	 0.7726403721646382 	0.0 	 8	 100 	 0.02163756557929853 	 0.9968014860164341 
1 	71	 0.7726403721646382 	0.0 	 8	 100 	 0.0216375661754878 	 0.9968014859203526 
1 	72	 0.7726403721646382 	0.0 	 8	 100 	 0.02163756652125151 	 0.9968014858646298 
1 	73	 0.7726403721646382 	0.0 	 8	 100 	 0.021637566721818807 	 0.9968014858323074 
1 	74	 0.7726403721646382 	0.0 	 8	 100 	 0.021637566838126336 	 0.9968014858135669 
1 	75	 0.7726403721646382 	0.0 	 8	 100 	 0.02163756690565394 	 0.9968014858026865 
1 	76	 0.7726403721646382 	0.0 	 8	 100 	 0.02163756694483889 	 0.9968014857963747 
1 	77	 0.7726403721646382 	0.0 	 8	 100 	 0.021637566967623693 	 0.9968014857927053 
1 	78	 0.7726403721646382 	0.0 	 8	 100 	 0.021637566980813122 	 0.9968014857905814 
1 	79	 0.7726403721646382 	0.0 	 8	 100 	 0.021637566988489516 	 0.9968014857893458 
1 	80	 0.7726403721646382 	0.0 	 8	 100 	 0.021637566992919004 	 0.9968014857886326 
1 	81	 0.7726403721646382 	0.0 	 8	 100 	 0.021637566995570574 	 0.9968014857882057 
1 	82	 0.7726403721646382 	0.0 	 8	 100 	 0.021637566997041363 	 0.9968014857879699 
1 	83	 0.7726403721646382 	0.0 	 8	 100 	 0.021637566997920084 	 0.9968014857878287 
1 	84	 0.7726403721646382 	0.0 	 8	 100 	 0.021637566998463684 	 0.9968014857877407 
1 	85	 0.7726403721646382 	0.0 	 8	 100 	 0.021637566998790936 	 0.9968014857876879 
1 	86	 0.7726403721646382 	0.0 	 8	 100 	 0.02163756699893145 	 0.9968014857876653 
1 	87	 0.7726403721646382 	0.0 	 8	 100 	 0.021637566999039123 	 0.9968014857876479 
1 	88	 0.7726403721646382 	0.0 	 8	 100 	 0.02163756699910367 	 0.9968014857876373 
1 	89	 0.7726403721646382 	0.0 	 8	 100 	 0.02163756699915897 	 0.9968014857876287 
1 	90	 0.7726403721646382 	0.0 	 8	 100 	 0.02163756699918326 	 0.9968014857876247 
1 	91	 0.7726403721646382 	0.0 	 8	 100 	 0.021637566999165858 	 0.9968014857876277 
1 	92	 0.7726403721646382 	0.0 	 8	 100 	 0.02163756699917329 	 0.9968014857876264 
1 	93	 0.7726403721646382 	0.0 	 8	 100 	 0.021637566999193645 	 0.9968014857876231 
1 	94	 0.7726403721646382 	0.0 	 8	 100 	 0.021637566999147657 	 0.9968014857876307 
1 	95	 0.7726403721646382 	0.0 	 8	 100 	 0.02163756699920282 	 0.9968014857876216 
1 	96	 0.7726403721646382 	0.0 	 8	 100 	 0.02163756699920922 	 0.9968014857876207 
1 	97	 0.7726403721646382 	0.0 	 8	 100 	 0.021637566999237995 	 0.9968014857876157 
1 	98	 0.7726403721646382 	0.0 	 8	 100 	 0.02163756699917307 	 0.9968014857876266 
1 	99	 0.7726403721646382 	0.0 	 8	 100 	 0.021637566999181165 	 0.996801485787625 
1 	1	 0.8845749075498421 	0.0 	 8	 100 	 0.3429786960866588 	 0.8919233771307181 
1 	2	 0.8845749075498421 	0.0 	 8	 100 	 0.4077963549972386 	 0.8596430341090637 
1 	3	 0.8845749075498421 	0.0 	 8	 100 	 0.4570228361568028 	 0.8322718014892148 
1 	4	 0.8845749075498421 	0.0 	 8	 100 	 0.49771721755629506 	 0.8075106137332966 
1 	5	 0.8845749075498421 	0.0 	 8	 100 	 0.53278225386537 	 0.7843397005730115 
1 	6	 0.8845749075498421 	0.0 	 8	 100 	 0.5635568943097273 	 0.762284281383746 
1 	7	 0.8845749075498421 	0.0 	 8	 100 	 0.5907238591181667 	 0.7411426195286741 
1 	8	 0.8845749075498421 	0.0 	 8	 100 	 0.6146779941570485 	 0.7208612618819299 
1 	9	 0.8845749075498421 	0.0 	 8	 100 	 0.6356745330007865 	 0.7014666928213592 
1 	10	 0.8845749075498421 	0.0 	 8	 100 	 0.6539222503523089 	 0.6830227817287784 
1 	11	 0.8845749075498421 	0.0 	 8	 100 	 0.6696255416347887 	 0.6656027131093936 
1 	12	 0.8845749075498421 	0.0 	 8	 100 	 0.683000972714978 	 0.6492708270137075 
1 	13	 0.8845749075498421 	0.0 	 8	 100 	 0.6942790496658305 	 0.6340720563674777 
1 	14	 0.8845749075498421 	0.0 	 8	 100 	 0.7036983163755989 	 0.620027262180192 
1 	15	 0.8845749075498421 	0.0 	 8	 100 	 0.7114965975315095 	 0.6071328878858647 
1 	16	 0.8845749075498421 	0.0 	 8	 100 	 0.7179024190560296 	 0.5953634457009729 
1 	17	 0.8845749075498421 	0.0 	 8	 100 	 0.723128215038861 	 0.5846755467947202 
1 	18	 0.8845749075498421 	0.0 	 8	 100 	 0.727365892315874 	 0.575012476736372 
1 	19	 0.8845749075498421 	0.0 	 8	 100 	 0.7307846679235889 	 0.566308633432169 
1 	20	 0.8845749075498421 	0.0 	 8	 100 	 0.7335307595944512 	 0.5584934287332908 
1 	21	 0.8845749075498421 	0.0 	 8	 100 	 0.7357284024739876 	 0.5514944754207234 
1 	22	 0.8845749075498421 	0.0 	 8	 100 	 0.7374816942581597 	 0.5452400315082068 
1 	23	 0.8845749075498421 	0.0 	 8	 100 	 0.7388768637433475 	 0.5396607625990616 
1 	24	 0.8845749075498421 	0.0 	 8	 100 	 0.7399846670873419 	 0.5346909256889332 
1 	25	 0.8845749075498421 	0.0 	 8	 100 	 0.7408627161437578 	 0.5302690898761567 
1 	26	 0.8845749075498421 	0.0 	 8	 100 	 0.741557623376078 	 0.5263385036707381 
1 	27	 0.8845749075498421 	0.0 	 8	 100 	 0.7421069063132497 	 0.5228472040874974 
1 	28	 0.8845749075498421 	0.0 	 8	 100 	 0.7425406338886844 	 0.5197479452964961 
1 	29	 0.8845749075498421 	0.0 	 8	 100 	 0.7428828214396846 	 0.5169980075979603 
1 	30	 0.8845749075498421 	0.0 	 8	 100 	 0.7431525947840564 	 0.514558932509863 
1 	31	 0.8845749075498421 	0.0 	 8	 100 	 0.7433651501294112 	 0.5123962173836292 
1 	32	 0.8845749075498421 	0.0 	 8	 100 	 0.7435325382807694 	 0.5104789931774025 
1 	33	 0.8845749075498421 	0.0 	 8	 100 	 0.7436643006012277 	 0.508779701541797 
1 	34	 0.8845749075498421 	0.0 	 8	 100 	 0.7437679817309342 	 0.5072737818132862 
1 	35	 0.8845749075498421 	0.0 	 8	 100 	 0.7438495410097572 	 0.5059393744682325 
1 	36	 0.8845749075498421 	0.0 	 8	 100 	 0.7439136813705409 	 0.5047570447345018 
1 	37	 0.8845749075498421 	0.0 	 8	 100 	 0.7439641114572076 	 0.5037095280659198 
1 	38	 0.8845749075498421 	0.0 	 8	 100 	 0.744003754008092 	 0.502781497851712 
1 	39	 0.8845749075498421 	0.0 	 8	 100 	 0.7440349111871638 	 0.5019593548605116 
1 	40	 0.8845749075498421 	0.0 	 8	 100 	 0.7440593955415754 	 0.5012310373847337 
1 	41	 0.8845749075498421 	0.0 	 8	 100 	 0.7440786335917002 	 0.5005858507335048 
1 	42	 0.8845749075498421 	0.0 	 8	 100 	 0.7440937476818579 	 0.5000143145855824 
1 	43	 0.8845749075498421 	0.0 	 8	 100 	 0.7441056205936339 	 0.4995080266595918 
1 	44	 0.8845749075498421 	0.0 	 8	 100 	 0.7441149465130914 	 0.49905954118594764 
1 	45	 0.8845749075498421 	0.0 	 8	 100 	 0.744122271207493 	 0.49866226073560294 
1 	46	 0.8845749075498421 	0.0 	 8	 100 	 0.7441280236789806 	 0.4983103400432102 
1 	47	 0.8845749075498421 	0.0 	 8	 100 	 0.7441325410917157 	 0.497998600574155 
1 	48	 0.8845749075498421 	0.0 	 8	 100 	 0.7441360883943205 	 0.4977224546827651 
1 	49	 0.8845749075498421 	0.0 	 8	 100 	 0.7441388737609165 	 0.49747783833211745 
1 	50	 0.8845749075498421 	0.0 	 8	 100 	 0.7441410607386095 	 0.49726115141639315 
1 	51	 0.8845749075498421 	0.0 	 8	 100 	 0.7441427778015315 	 0.4970692048436449 
1 	52	 0.8845749075498421 	0.0 	 8	 100 	 0.7441441258629695 	 0.4968991736556817 
1 	53	 0.8845749075498421 	0.0 	 8	 100 	 0.7441451841812938 	 0.49674855549354446 
1 	54	 0.8845749075498421 	0.0 	 8	 100 	 0.7441460150025065 	 0.4966151337147896 
1 	55	 0.8845749075498421 	0.0 	 8	 100 	 0.7441466672082725 	 0.4964969448818223 
1 	56	 0.8845749075498421 	0.0 	 8	 100 	 0.7441471791839105 	 0.496392249481319 
1 	57	 0.8845749075498421 	0.0 	 8	 100 	 0.7441475810685841 	 0.4962995070847511 
1 	58	 0.8845749075498421 	0.0 	 8	 100 	 0.7441478965273107 	 0.4962173529574596 
1 	59	 0.8845749075498421 	0.0 	 8	 100 	 0.7441481441362715 	 0.49614458002832906 
1 	60	 0.8845749075498421 	0.0 	 8	 100 	 0.7441483384975032 	 0.4960801109153343 
1 	61	 0.8845749075498421 	0.0 	 8	 100 	 0.7441484910466948 	 0.4960230042416367 
1 	62	 0.8845749075498421 	0.0 	 8	 100 	 0.7441486107714328 	 0.4959724226574166 
1 	63	 0.8845749075498421 	0.0 	 8	 100 	 0.7441487047173121 	 0.49592763238833015 
1 	64	 0.8845749075498421 	0.0 	 8	 100 	 0.7441487784618828 	 0.49588795032068844 
1 	65	 0.8845749075498421 	0.0 	 8	 100 	 0.7441488362635466 	 0.4958528696305039 
1 	66	 0.8845749075498421 	0.0 	 8	 100 	 0.7441488818220432 	 0.4958216087170957 
1 	67	 0.8845749075498421 	0.0 	 8	 100 	 0.7441489173048341 	 0.4957942169178704 
1 	68	 0.8845749075498421 	0.0 	 8	 100 	 0.7441489453107902 	 0.49576977360539265 
1 	69	 0.8845749075498421 	0.0 	 8	 100 	 0.7441489668971685 	 0.4957486967710151 
1 	70	 0.8845749075498421 	0.0 	 8	 100 	 0.744148983195517 	 0.495731148107424 
1 	71	 0.8845749075498421 	0.0 	 8	 100 	 0.7441489975901557 	 0.4957128707966618 
1 	72	 0.8845749075498421 	0.0 	 8	 100 	 0.7441490058002522 	 0.4957028667712734 
1 	73	 0.8845749075498421 	0.0 	 8	 100 	 0.7441490152842776 	 0.49568768843828215 
1 	74	 0.8845749075498421 	0.0 	 8	 100 	 0.7441490223768273 	 0.49567498940581145 
1 	75	 0.8845749075498421 	0.0 	 8	 100 	 0.7441490248153669 	 0.4956723996707201 
1 	76	 0.8845749075498421 	0.0 	 8	 100 	 0.7441490258365904 	 0.49567270801907115 
1 	77	 0.8845749075498421 	0.0 	 8	 100 	 0.7441490329422265 	 0.49565448134216605 
1 	78	 0.8845749075498421 	0.0 	 8	 100 	 0.744149038442903 	 0.4956365171667402 
1 	79	 0.8845749075498421 	0.0 	 8	 100 	 0.7441490361316256 	 0.4956478004595519 
1 	80	 0.8845749075498421 	0.0 	 8	 100 	 0.7441490169973186 	 0.4956991435020981 
1 	81	 0.8845749075498421 	0.0 	 8	 100 	 0.7441490219765368 	 0.4956891707294193 
1 	82	 0.8845749075498421 	0.0 	 8	 100 	 0.7441489877340066 	 0.49574986435523183 
1 	83	 0.8845749075498421 	0.0 	 8	 100 	 0.7441487384596819 	 0.4959690322135222 
1 	84	 0.8845749075498421 	0.0 	 8	 100 	 0.744148603456292 	 0.4960466058285232 
1 	85	 0.8845749075498421 	0.0 	 8	 100 	 0.7441475343404491 	 0.4964418791311248 
1 	86	 0.8845749075498421 	0.0 	 8	 100 	 0.7441478134894046 	 0.4963583238861511 
1 	87	 0.8845749075498421 	0.0 	 8	 100 	 0.7441475861416115 	 0.4964270437024795 
1 	88	 0.8845749075498421 	0.0 	 8	 100 	 0.7441470431327499 	 0.4965720701162635 
1 	89	 0.8845749075498421 	0.0 	 8	 100 	 0.7441467517026971 	 0.4966417720577717 
1 	90	 0.8845749075498421 	0.0 	 8	 100 	 0.74413386370511 	 0.498310843081634 
1 	91	 0.8845749075498421 	0.0 	 8	 100 	 0.7440983363061466 	 0.5005707517190522 
1 	92	 0.8845749075498421 	0.0 	 8	 100 	 0.744064993856778 	 0.5020052862239739 
1 	93	 0.8845749075498421 	0.0 	 8	 100 	 0.7441225305997448 	 0.4991888857416701 
1 	94	 0.8845749075498421 	0.0 	 8	 100 	 0.744054416492175 	 0.5023975878422446 
1 	95	 0.8845749075498421 	0.0 	 8	 100 	 0.7441039960031259 	 0.5002840150782712 
1 	96	 0.8845749075498421 	0.0 	 8	 100 	 0.7441347882502802 	 0.49822640244987415 
1 	97	 0.8845749075498421 	0.0 	 8	 100 	 0.7434612000058225 	 0.5139590093867965 
1 	98	 0.8845749075498421 	0.0 	 8	 100 	 0.7435953725843402 	 0.5120697028795873 
1 	99	 0.8845749075498421 	0.0 	 8	 100 	 0.7434524461551651 	 0.5140755632474824 
1 	1	 0.9557869957803299 	0.0 	 8	 100 	 0.30561042980868747 	 0.9088501235798554 
1 	2	 0.9557869957803299 	0.0 	 8	 100 	 0.356388153537359 	 0.8860795029905377 
1 	3	 0.9557869957803299 	0.0 	 8	 100 	 0.39270203861445424 	 0.8686209379082024 
1 	4	 0.9557869957803299 	0.0 	 8	 100 	 0.4214461502242927 	 0.8541547901491932 
1 	5	 0.9557869957803299 	0.0 	 8	 100 	 0.44560109380498397 	 0.841578488151614 
1 	6	 0.9557869957803299 	0.0 	 8	 100 	 0.4666609023700796 	 0.8302878165571573 
1 	7	 0.9557869957803299 	0.0 	 8	 100 	 0.48552707584902133 	 0.8199171510391768 
1 	8	 0.9557869957803299 	0.0 	 8	 100 	 0.5027207265350201 	 0.8102307096481614 
1 	9	 0.9557869957803299 	0.0 	 8	 100 	 0.5186081900485332 	 0.80106897125599 
1 	10	 0.9557869957803299 	0.0 	 8	 100 	 0.5334343592022374 	 0.7923199699882337 
1 	11	 0.9557869957803299 	0.0 	 8	 100 	 0.5473724548643638 	 0.7839030338178581 
1 	12	 0.9557869957803299 	0.0 	 8	 100 	 0.560547939033459 	 0.7757589645356595 
1 	13	 0.9557869957803299 	0.0 	 8	 100 	 0.5730533606946312 	 0.767843814258534 
1 	14	 0.9557869957803299 	0.0 	 8	 100 	 0.584957995903646 	 0.7601247716069167 
1 	15	 0.9557869957803299 	0.0 	 8	 100 	 0.5963143554243175 	 0.7525773332873935 
1 	16	 0.9557869957803299 	0.0 	 8	 100 	 0.6071627372988321 	 0.7451832781677216 
1 	17	 0.9557869957803299 	0.0 	 8	 100 	 0.6175345462019639 	 0.7379291368117723 
1 	18	 0.9557869957803299 	0.0 	 8	 100 	 0.6274549187804616 	 0.7308049286276221 
1 	19	 0.9557869957803299 	0.0 	 8	 100 	 0.6369451599435498 	 0.7238030301736149 
1 	20	 0.9557869957803299 	0.0 	 8	 100 	 0.6460243941802228 	 0.7169177113416403 
1 	21	 0.9557869957803299 	0.0 	 8	 100 	 0.6547075557158342 	 0.7101462362780349 
1 	22	 0.9557869957803299 	0.0 	 8	 100 	 0.6630055148938718 	 0.7034881432524926 
1 	23	 0.9557869957803299 	0.0 	 8	 100 	 0.6709435601754498 	 0.6969434112480795 
1 	24	 0.9557869957803299 	0.0 	 8	 100 	 0.6785051662700715 	 0.6905124744007212 
1 	25	 0.9557869957803299 	0.0 	 8	 100 	 0.6857138401741009 	 0.6841963588710807 
1 	26	 0.9557869957803299 	0.0 	 8	 100 	 0.6925793669289413 	 0.6779965615634697 
1 	27	 0.9557869957803299 	0.0 	 8	 100 	 0.6991111315343057 	 0.6719148885319922 
1 	28	 0.9557869957803299 	0.0 	 8	 100 	 0.7053183451787213 	 0.6659533217213383 
1 	29	 0.9557869957803299 	0.0 	 8	 100 	 0.7112102074140683 	 0.6601139119619667 
1 	30	 0.9557869957803299 	0.0 	 8	 100 	 0.7167960102506283 	 0.6543986898377581 
1 	31	 0.9557869957803299 	0.0 	 8	 100 	 0.7220991395859249 	 0.6488095904783318 
1 	32	 0.9557869957803299 	0.0 	 8	 100 	 0.7271023701990785 	 0.6433483909085165 
1 	33	 0.9557869957803299 	0.0 	 8	 100 	 0.7318284211511225 	 0.6380166593157122 
1 	34	 0.9557869957803299 	0.0 	 8	 100 	 0.7362872634710792 	 0.6328157155602472 
1 	35	 0.9557869957803299 	0.0 	 8	 100 	 0.7404890086165045 	 0.6277466020699628 
1 	36	 0.9557869957803299 	0.0 	 8	 100 	 0.7444438718727648 	 0.622810064125493 
1 	37	 0.9557869957803299 	0.0 	 8	 100 	 0.7481621300579551 	 0.6180065384564304 
1 	38	 0.9557869957803299 	0.0 	 8	 100 	 0.7516540761462058 	 0.6133361490650122 
1 	39	 0.9557869957803299 	0.0 	 8	 100 	 0.754929972911684 	 0.6087987092195205 
1 	40	 0.9557869957803299 	0.0 	 8	 100 	 0.7580000072620882 	 0.604393728601982 
1 	41	 0.9557869957803299 	0.0 	 8	 100 	 0.7608742465452035 	 0.6001204246782277 
1 	42	 0.9557869957803299 	0.0 	 8	 100 	 0.7635625977939803 	 0.5959777374219783 
1 	43	 0.9557869957803299 	0.0 	 8	 100 	 0.7660747705963857 	 0.5919643466102269 
1 	44	 0.9557869957803299 	0.0 	 8	 100 	 0.768420244035075 	 0.5880786909967679 
1 	45	 0.9557869957803299 	0.0 	 8	 100 	 0.7706082379504733 	 0.5843189887439484 
1 	46	 0.9557869957803299 	0.0 	 8	 100 	 0.7726476886129637 	 0.5806832585822495 
1 	47	 0.9557869957803299 	0.0 	 8	 100 	 0.7745472287617445 	 0.5771693412412884 
1 	48	 0.9557869957803299 	0.0 	 8	 100 	 0.776315171864091 	 0.573774920768434 
1 	49	 0.9557869957803299 	0.0 	 8	 100 	 0.7779595003737431 	 0.5704975454185524 
1 	50	 0.9557869957803299 	0.0 	 8	 100 	 0.7794878577073068 	 0.5673346478643215 
1 	51	 0.9557869957803299 	0.0 	 8	 100 	 0.7809075436251367 	 0.5642835645274367 
1 	52	 0.9557869957803299 	0.0 	 8	 100 	 0.7822255126811413 	 0.5613415538784985 
1 	53	 0.9557869957803299 	0.0 	 8	 100 	 0.783448375393149 	 0.5585058136100027 
1 	54	 0.9557869957803299 	0.0 	 8	 100 	 0.7845824017966223 	 0.5557734965980223 
1 	55	 0.9557869957803299 	0.0 	 8	 100 	 0.7856335270427237 	 0.5531417256342035 
1 	56	 0.9557869957803299 	0.0 	 8	 100 	 0.7866073587278499 	 0.5506076069019625 
1 	57	 0.9557869957803299 	0.0 	 8	 100 	 0.7875091856559391 	 0.5481682422157209 
1 	58	 0.9557869957803299 	0.0 	 8	 100 	 0.788343987756206 	 0.5458207400565898 
1 	59	 0.9557869957803299 	0.0 	 8	 100 	 0.7891164469129105 	 0.5435622254295671 
1 	60	 0.9557869957803299 	0.0 	 8	 100 	 0.7898309584748217 	 0.5413898486147144 
1 	61	 0.9557869957803299 	0.0 	 8	 100 	 0.7904916432482245 	 0.5393007928588582 
1 	62	 0.9557869957803299 	0.0 	 8	 100 	 0.7911023597963316 	 0.5372922810780383 
1 	63	 0.9557869957803299 	0.0 	 8	 100 	 0.791666716893021 	 0.5353615816324351 
1 	64	 0.9557869957803299 	0.0 	 8	 100 	 0.7921880859970293 	 0.5335060132535083 
1 	65	 0.9557869957803299 	0.0 	 8	 100 	 0.7926696136374899 	 0.5317229491794275 
1 	66	 0.9557869957803299 	0.0 	 8	 100 	 0.7931142336179882 	 0.5300098205736063 
1 	67	 0.9557869957803299 	0.0 	 8	 100 	 0.7935246789598993 	 0.528364119290923 
1 	68	 0.9557869957803299 	0.0 	 8	 100 	 0.7939034935261284 	 0.5267834000538049 
1 	69	 0.9557869957803299 	0.0 	 8	 100 	 0.7942530432750796 	 0.5252652820930438 
1 	70	 0.9557869957803299 	0.0 	 8	 100 	 0.7945755271080284 	 0.5238074503200704 
1 	71	 0.9557869957803299 	0.0 	 8	 100 	 0.7948729872832399 	 0.5224076560726034 
1 	72	 0.9557869957803299 	0.0 	 8	 100 	 0.7951473193784024 	 0.5210637174859889 
1 	73	 0.9557869957803299 	0.0 	 8	 100 	 0.7954002817897585 	 0.5197735195377917 
1 	74	 0.9557869957803299 	0.0 	 8	 100 	 0.7956335047641309 	 0.5185350138069084 
1 	75	 0.9557869957803299 	0.0 	 8	 100 	 0.7958484989636482 	 0.5173462179781655 
1 	76	 0.9557869957803299 	0.0 	 8	 100 	 0.7960466635683953 	 0.5162052151378138 
1 	77	 0.9557869957803299 	0.0 	 8	 100 	 0.7962292939258402 	 0.515110152878612 
1 	78	 0.9557869957803299 	0.0 	 8	 100 	 0.7963975887564573 	 0.5140592422581469 
1 	79	 0.9557869957803299 	0.0 	 8	 100 	 0.7965526569316342 	 0.5130507566173458 
1 	80	 0.9557869957803299 	0.0 	 8	 100 	 0.7966955238359048 	 0.512083030301903 
1 	81	 0.9557869957803299 	0.0 	 8	 100 	 0.7968271373331045 	 0.511154457285509 
1 	82	 0.9557869957803299 	0.0 	 8	 100 	 0.7969483733495605 	 0.5102634897337923 
1 	83	 0.9557869957803299 	0.0 	 8	 100 	 0.7970600410967761 	 0.5094086365092383 
1 	84	 0.9557869957803299 	0.0 	 8	 100 	 0.7971628879465975 	 0.5085884616385914 
1 	85	 0.9557869957803299 	0.0 	 8	 100 	 0.7972576039806126 	 0.5078015827529612 
1 	86	 0.9557869957803299 	0.0 	 8	 100 	 0.7973448262288825 	 0.5070466695136473 
1 	87	 0.9557869957803299 	0.0 	 8	 100 	 0.7974251426178387 	 0.5063224420279664 
1 	88	 0.9557869957803299 	0.0 	 8	 100 	 0.79749909564178 	 0.505627669269525 
1 	89	 0.9557869957803299 	0.0 	 8	 100 	 0.7975671857763791 	 0.5049611675047986 
1 	90	 0.9557869957803299 	0.0 	 8	 100 	 0.7976298746499365 	 0.5043217987354479 
1 	91	 0.9557869957803299 	0.0 	 8	 100 	 0.7976875879859125 	 0.5037084691578885 
1 	92	 0.9557869957803299 	0.0 	 8	 100 	 0.7977407183340299 	 0.5031201276508146 
1 	93	 0.9557869957803299 	0.0 	 8	 100 	 0.7977896276017825 	 0.5025557642815257 
1 	94	 0.9557869957803299 	0.0 	 8	 100 	 0.7978346493999069 	 0.5020144088526501 
1 	95	 0.9557869957803299 	0.0 	 8	 100 	 0.7978760912159951 	 0.5014951294719754 
1 	96	 0.9557869957803299 	0.0 	 8	 100 	 0.7979142364254186 	 0.5009970311624568 
1 	97	 0.9557869957803299 	0.0 	 8	 100 	 0.7979493461529655 	 0.5005192545071326 
1 	98	 0.9557869957803299 	0.0 	 8	 100 	 0.7979816609950142 	 0.5000609743267537 
1 	99	 0.9557869957803299 	0.0 	 8	 100 	 0.7980114026112047 	 0.4996213983958212 
1 	1	 1.0115816757875757 	0.0 	 8	 100 	 0.27973995512712513 	 0.9197502981725494 
1 	2	 1.0115816757875757 	0.0 	 8	 100 	 0.32100276352947316 	 0.9024985979546288 
1 	3	 1.0115816757875757 	0.0 	 8	 100 	 0.34847608950138964 	 0.8904637960582586 
1 	4	 1.0115816757875757 	0.0 	 8	 100 	 0.36875277214342145 	 0.8813799508029219 
1 	5	 1.0115816757875757 	0.0 	 8	 100 	 0.38467437140233796 	 0.8741757283070372 
1 	6	 1.0115816757875757 	0.0 	 8	 100 	 0.3976702803861576 	 0.8682658429244539 
1 	7	 1.0115816757875757 	0.0 	 8	 100 	 0.40858464862300126 	 0.863297663856449 
1 	8	 1.0115816757875757 	0.0 	 8	 100 	 0.4179564243752323 	 0.8590431870327394 
1 	9	 1.0115816757875757 	0.0 	 8	 100 	 0.4261122942111859 	 0.8553469224471475 
1 	10	 1.0115816757875757 	0.0 	 8	 100 	 0.43330594256499044 	 0.8520983222355635 
1 	11	 1.0115816757875757 	0.0 	 8	 100 	 0.4397144697959476 	 0.8492161152471024 
1 	12	 1.0115816757875757 	0.0 	 8	 100 	 0.44547030625869627 	 0.8466388868825871 
1 	13	 1.0115816757875757 	0.0 	 8	 100 	 0.4506750267384878 	 0.8443191463027878 
1 	14	 1.0115816757875757 	0.0 	 8	 100 	 0.455408230573449 	 0.8422194435961206 
1 	15	 1.0115816757875757 	0.0 	 8	 100 	 0.4597334548838306 	 0.8403097447787644 
1 	16	 1.0115816757875757 	0.0 	 8	 100 	 0.4637022321092071 	 0.8385656071860864 
1 	17	 1.0115816757875757 	0.0 	 8	 100 	 0.4673569470976598 	 0.836966880348302 
1 	18	 1.0115816757875757 	0.0 	 8	 100 	 0.47073289467649027 	 0.835496761361998 
1 	19	 1.0115816757875757 	0.0 	 8	 100 	 0.4738597910141908 	 0.8341410951726348 
1 	20	 1.0115816757875757 	0.0 	 8	 100 	 0.47676290337555544 	 0.8328878476601248 
1 	21	 1.0115816757875757 	0.0 	 8	 100 	 0.47946390791306953 	 0.8317267029596696 
1 	22	 1.0115816757875757 	0.0 	 8	 100 	 0.48198155016082117 	 0.8306487516146723 
1 	23	 1.0115816757875757 	0.0 	 8	 100 	 0.48433216009261576 	 0.8296462461545255 
1 	24	 1.0115816757875757 	0.0 	 8	 100 	 0.4865300584134325 	 0.8287124074145439 
1 	25	 1.0115816757875757 	0.0 	 8	 100 	 0.4885878804359 	 0.8278412695226954 
1 	26	 1.0115816757875757 	0.0 	 8	 100 	 0.4905168367547546 	 0.827027554691537 
1 	27	 1.0115816757875757 	0.0 	 8	 100 	 0.4923269249228647 	 0.8262665712248591 
1 	28	 1.0115816757875757 	0.0 	 8	 100 	 0.4940271027521829 	 0.825554129783335 
1 	29	 1.0115816757875757 	0.0 	 8	 100 	 0.49562543128258413 	 0.8248864741382396 
1 	30	 1.0115816757875757 	0.0 	 8	 100 	 0.4971291935672346 	 0.8242602235173915 
1 	31	 1.0115816757875757 	0.0 	 8	 100 	 0.498544994021946 	 0.8236723242981338 
1 	32	 1.0115816757875757 	0.0 	 8	 100 	 0.4998788420396987 	 0.8231200092897786 
1 	33	 1.0115816757875757 	0.0 	 8	 100 	 0.5011362227755901 	 0.8226007632215281 
1 	34	 1.0115816757875757 	0.0 	 8	 100 	 0.5023221574047672 	 0.8221122933348306 
1 	35	 1.0115816757875757 	0.0 	 8	 100 	 0.5034412546890393 	 0.8216525041999693 
1 	36	 1.0115816757875757 	0.0 	 8	 100 	 0.5044977553270742 	 0.8212194760475566 
1 	37	 1.0115816757875757 	0.0 	 8	 100 	 0.5054955702784886 	 0.8208114460409779 
1 	38	 1.0115816757875757 	0.0 	 8	 100 	 0.5064383140335925 	 0.820426792019805 
1 	39	 1.0115816757875757 	0.0 	 8	 100 	 0.5073293336179123 	 0.8200640183321397 
1 	40	 1.0115816757875757 	0.0 	 8	 100 	 0.5081717339862096 	 0.8197217434374914 
1 	41	 1.0115816757875757 	0.0 	 8	 100 	 0.5089684003422403 	 0.8193986890196163 
1 	42	 1.0115816757875757 	0.0 	 8	 100 	 0.5097220178331563 	 0.8190936703900327 
1 	43	 1.0115816757875757 	0.0 	 8	 100 	 0.5104350889884008 	 0.818805588001892 
1 	44	 1.0115816757875757 	0.0 	 8	 100 	 0.5111099492198184 	 0.8185334199186762 
1 	45	 1.0115816757875757 	0.0 	 8	 100 	 0.5117487806412958 	 0.8182762151116297 
1 	46	 1.0115816757875757 	0.0 	 8	 100 	 0.5123536244328417 	 0.8180330874749902 
1 	47	 1.0115816757875757 	0.0 	 8	 100 	 0.5129263919359487 	 0.817803210467384 
1 	48	 1.0115816757875757 	0.0 	 8	 100 	 0.5134688746405965 	 0.817585812300262 
1 	49	 1.0115816757875757 	0.0 	 8	 100 	 0.5139967276592886 	 0.8173801716062223 
1 	50	 1.0115816757875757 	0.0 	 8	 100 	 0.514483800374445 	 0.8171856135295085 
1 	51	 1.0115816757875757 	0.0 	 8	 100 	 0.5149453208351511 	 0.8170015061876609 
1 	52	 1.0115816757875757 	0.0 	 8	 100 	 0.5153966773044231 	 0.8168272574643816 
1 	53	 1.0115816757875757 	0.0 	 8	 100 	 0.5158113776893397 	 0.8166623120917339 
1 	54	 1.0115816757875757 	0.0 	 8	 100 	 0.5162044598766826 	 0.8165061489942607 
1 	55	 1.0115816757875757 	0.0 	 8	 100 	 0.5165770877475723 	 0.8163582788647065 
1 	56	 1.0115816757875757 	0.0 	 8	 100 	 0.5169303582845824 	 0.8162182419455151 
1 	57	 1.0115816757875757 	0.0 	 8	 100 	 0.5172653059143176 	 0.8160856059972084 
1 	58	 1.0115816757875757 	0.0 	 8	 100 	 0.5175829065116845 	 0.8159599644325441 
1 	59	 1.0115816757875757 	0.0 	 8	 100 	 0.5178840810953328 	 0.8158409346017681 
1 	60	 1.0115816757875757 	0.0 	 8	 100 	 0.5181696992442704 	 0.815728156213372 
1 	61	 1.0115816757875757 	0.0 	 8	 100 	 0.5184405822653518 	 0.8156212898768196 
1 	62	 1.0115816757875757 	0.0 	 8	 100 	 0.518697506130754 	 0.815520015756184 
1 	63	 1.0115816757875757 	0.0 	 8	 100 	 0.5189412042041962 	 0.8154240323262745 
1 	64	 1.0115816757875757 	0.0 	 8	 100 	 0.519172369780586 	 0.8153330552189237 
1 	65	 1.0115816757875757 	0.0 	 8	 100 	 0.5193916584491131 	 0.8152468161537684 
1 	66	 1.0115816757875757 	0.0 	 8	 100 	 0.5195996902984632 	 0.8151650619451374 
1 	67	 1.0115816757875757 	0.0 	 8	 100 	 0.5197970519733313 	 0.8150875535795847 
1 	68	 1.0115816757875757 	0.0 	 8	 100 	 0.5199842985984668 	 0.815014065356646 
1 	69	 1.0115816757875757 	0.0 	 8	 100 	 0.5201619555770849 	 0.8149443840891126 
1 	70	 1.0115816757875757 	0.0 	 8	 100 	 0.5203305202746658 	 0.8148783083573587 
1 	71	 1.0115816757875757 	0.0 	 8	 100 	 0.5204904635987389 	 0.8148156478125406 
1 	72	 1.0115816757875757 	0.0 	 8	 100 	 0.5206422314769081 	 0.8147562225276235 
1 	73	 1.0115816757875757 	0.0 	 8	 100 	 0.5207862462477653 	 0.8146998623888264 
1 	74	 1.0115816757875757 	0.0 	 8	 100 	 0.5209229079649109 	 0.8146464065275417 
1 	75	 1.0115816757875757 	0.0 	 8	 100 	 0.5210525956237443 	 0.8145957027878761 
1 	76	 1.0115816757875757 	0.0 	 8	 100 	 0.521175668313429 	 0.8145476072286622 
1 	77	 1.0115816757875757 	0.0 	 8	 100 	 0.5212924663040589 	 0.8145019836552478 
1 	78	 1.0115816757875757 	0.0 	 8	 100 	 0.5214033120658425 	 0.8144587031820404 
1 	79	 1.0115816757875757 	0.0 	 8	 100 	 0.5215085112339307 	 0.8144176438201755 
1 	80	 1.0115816757875757 	0.0 	 8	 100 	 0.521608353512918 	 0.8143786900918847 
1 	81	 1.0115816757875757 	0.0 	 8	 100 	 0.5217031135338841 	 0.814341732666898 
1 	82	 1.0115816757875757 	0.0 	 8	 100 	 0.5217930516589653 	 0.8143066680217967 
1 	83	 1.0115816757875757 	0.0 	 8	 100 	 0.5218784147442521 	 0.8142733981182331 
1 	84	 1.0115816757875757 	0.0 	 8	 100 	 0.5219594368561709 	 0.8142418301017676 
1 	85	 1.0115816757875757 	0.0 	 8	 100 	 0.5220363399504069 	 0.8142118760173418 
1 	86	 1.0115816757875757 	0.0 	 8	 100 	 0.5221093345135157 	 0.8141834525411525 
1 	87	 1.0115816757875757 	0.0 	 8	 100 	 0.5221786201665016 	 0.8141564807291071 
1 	88	 1.0115816757875757 	0.0 	 8	 100 	 0.5222443862376293 	 0.8141308857788374 
1 	89	 1.0115816757875757 	0.0 	 8	 100 	 0.5223068123023117 	 0.8141065968061638 
1 	90	 1.0115816757875757 	0.0 	 8	 100 	 0.5223660686957468 	 0.8140835466329864 
1 	91	 1.0115816757875757 	0.0 	 8	 100 	 0.5224223169958955 	 0.8140616715885068 
1 	92	 1.0115816757875757 	0.0 	 8	 100 	 0.5224757104796026 	 0.8140409113214635 
1 	93	 1.0115816757875757 	0.0 	 8	 100 	 0.5225263945572499 	 0.8140212086220561 
1 	94	 1.0115816757875757 	0.0 	 8	 100 	 0.5225745071814211 	 0.814002509254526 
1 	95	 1.0115816757875757 	0.0 	 8	 100 	 0.5226201792336976 	 0.813984761799561 
1 	96	 1.0115816757875757 	0.0 	 8	 100 	 0.5226635348936465 	 0.8139679175035464 
1 	97	 1.0115816757875757 	0.0 	 8	 100 	 0.5227046919849303 	 0.8139519301382693 
1 	98	 1.0115816757875757 	0.0 	 8	 100 	 0.5227437623037928 	 0.8139367558674546 
1 	99	 1.0115816757875757 	0.0 	 8	 100 	 0.5227808519312885 	 0.8139223531204581 
1 	1	 1.0772639865030538 	0.0 	 8	 100 	 0.2528156753617251 	 0.9304336961258248 
1 	2	 1.0772639865030538 	0.0 	 8	 100 	 0.2848284132141292 	 0.9179716595354097 
1 	3	 1.0772639865030538 	0.0 	 8	 100 	 0.3041228446125676 	 0.9102544246799131 
1 	4	 1.0772639865030538 	0.0 	 8	 100 	 0.31695797383620866 	 0.9050977054798841 
1 	5	 1.0772639865030538 	0.0 	 8	 100 	 0.3259980215684016 	 0.901485489002213 
1 	6	 1.0772639865030538 	0.0 	 8	 100 	 0.33262442799166236 	 0.8988734077414847 
1 	7	 1.0772639865030538 	0.0 	 8	 100 	 0.33758197072428336 	 0.8969410895852536 
1 	8	 1.0772639865030538 	0.0 	 8	 100 	 0.34136583483475985 	 0.8954871204046431 
1 	9	 1.0772639865030538 	0.0 	 8	 100 	 0.34429298659248886 	 0.894378598322908 
1 	10	 1.0772639865030538 	0.0 	 8	 100 	 0.34658088178664553 	 0.893524561698036 
1 	11	 1.0772639865030538 	0.0 	 8	 100 	 0.34838368682868665 	 0.8928609632841716 
1 	12	 1.0772639865030538 	0.0 	 8	 100 	 0.34982861716110536 	 0.8923416835680401 
1 	13	 1.0772639865030538 	0.0 	 8	 100 	 0.350970646458463 	 0.8919329075901682 
1 	14	 1.0772639865030538 	0.0 	 8	 100 	 0.3518855106338059 	 0.891609473833581 
1 	15	 1.0772639865030538 	0.0 	 8	 100 	 0.35262112418864305 	 0.8913524298480128 
1 	16	 1.0772639865030538 	0.0 	 8	 100 	 0.3532144855120604 	 0.891147353332232 
1 	17	 1.0772639865030538 	0.0 	 8	 100 	 0.35369441489950104 	 0.8909831738268901 
1 	18	 1.0772639865030538 	0.0 	 8	 100 	 0.3540835260273179 	 0.8908513304801162 
1 	19	 1.0772639865030538 	0.0 	 8	 100 	 0.3543996710334435 	 0.8907451605613617 
1 	20	 1.0772639865030538 	0.0 	 8	 100 	 0.35465701591475524 	 0.8906594495197742 
1 	21	 1.0772639865030538 	0.0 	 8	 100 	 0.3548668511819589 	 0.8905900960641586 
1 	22	 1.0772639865030538 	0.0 	 8	 100 	 0.3550382096796962 	 0.8905338603523173 
1 	23	 1.0772639865030538 	0.0 	 8	 100 	 0.35517834186009206 	 0.8904881730085674 
1 	24	 1.0772639865030538 	0.0 	 8	 100 	 0.35529308432799084 	 0.890450989164792 
1 	25	 1.0772639865030538 	0.0 	 8	 100 	 0.35538714758270024 	 0.8904206761588624 
1 	26	 1.0772639865030538 	0.0 	 8	 100 	 0.3554643419953767 	 0.8903959266130033 
1 	27	 1.0772639865030538 	0.0 	 8	 100 	 0.35552775617962884 	 0.8903756907992539 
1 	28	 1.0772639865030538 	0.0 	 8	 100 	 0.3555798984053145 	 0.8903591237614846 
1 	29	 1.0772639865030538 	0.0 	 8	 100 	 0.35562280914279293 	 0.8903455437971879 
1 	30	 1.0772639865030538 	0.0 	 8	 100 	 0.3556581509340955 	 0.8903343997315918 
1 	31	 1.0772639865030538 	0.0 	 8	 100 	 0.3556872803740876 	 0.8903252450302104 
1 	32	 1.0772639865030538 	0.0 	 8	 100 	 0.35571130591714195 	 0.8903177172539884 
1 	33	 1.0772639865030538 	0.0 	 8	 100 	 0.35573113441307114 	 0.8903115217049834 
1 	34	 1.0772639865030538 	0.0 	 8	 100 	 0.3557475086528195 	 0.8903064183710643 
1 	35	 1.0772639865030538 	0.0 	 8	 100 	 0.3557610377210975 	 0.8903022114770771 
1 	36	 1.0772639865030538 	0.0 	 8	 100 	 0.3557722215813628 	 0.8902987411009171 
1 	37	 1.0772639865030538 	0.0 	 8	 100 	 0.3557814710225663 	 0.890295876431292 
1 	38	 1.0772639865030538 	0.0 	 8	 100 	 0.35578912386975775 	 0.8902935103335958 
1 	39	 1.0772639865030538 	0.0 	 8	 100 	 0.35579545817901614 	 0.8902915549608013 
1 	40	 1.0772639865030538 	0.0 	 8	 100 	 0.3558007029918928 	 0.8902899382020418 
1 	41	 1.0772639865030538 	0.0 	 8	 100 	 0.3558050471141705 	 0.8902886008030165 
1 	42	 1.0772639865030538 	0.0 	 8	 100 	 0.35580864628999026 	 0.890287494027544 
1 	43	 1.0772639865030538 	0.0 	 8	 100 	 0.355811629072944 	 0.8902865777549136 
1 	44	 1.0772639865030538 	0.0 	 8	 100 	 0.35581410163469146 	 0.8902858189300662 
1 	45	 1.0772639865030538 	0.0 	 8	 100 	 0.35581615170990655 	 0.8902851902983608 
1 	46	 1.0772639865030538 	0.0 	 8	 100 	 0.35581785183342085 	 0.890284669372319 
1 	47	 1.0772639865030538 	0.0 	 8	 100 	 0.35581926200151726 	 0.890284237585677 
1 	48	 1.0772639865030538 	0.0 	 8	 100 	 0.3558204318601836 	 0.8902838796006036 
1 	49	 1.0772639865030538 	0.0 	 8	 100 	 0.35582140250631455 	 0.8902835827395467 
1 	50	 1.0772639865030538 	0.0 	 8	 100 	 0.35582220797212183 	 0.8902833365185384 
1 	51	 1.0772639865030538 	0.0 	 8	 100 	 0.3558228764486245 	 0.8902831322636837 
1 	52	 1.0772639865030538 	0.0 	 8	 100 	 0.3558234312947467 	 0.8902829627958548 
1 	53	 1.0772639865030538 	0.0 	 8	 100 	 0.355823891871151 	 0.8902828221706415 
1 	54	 1.0772639865030538 	0.0 	 8	 100 	 0.3558242742281467 	 0.8902827054644854 
1 	55	 1.0772639865030538 	0.0 	 8	 100 	 0.35582459167460173 	 0.8902826085981007 
1 	56	 1.0772639865030538 	0.0 	 8	 100 	 0.3558248552487566 	 0.8902825281905812 
1 	57	 1.0772639865030538 	0.0 	 8	 100 	 0.3558250741068473 	 0.8902824614393071 
1 	58	 1.0772639865030538 	0.0 	 8	 100 	 0.35582525584529245 	 0.8902824060204633 
1 	59	 1.0772639865030538 	0.0 	 8	 100 	 0.355825406767504 	 0.8902823600067693 
1 	60	 1.0772639865030538 	0.0 	 8	 100 	 0.35582553210435625 	 0.890282321799636 
1 	61	 1.0772639865030538 	0.0 	 8	 100 	 0.3558256361973261 	 0.8902822900728402 
1 	62	 1.0772639865030538 	0.0 	 8	 100 	 0.35582572265040824 	 0.8902822637258202 
1 	63	 1.0772639865030538 	0.0 	 8	 100 	 0.35582579445496787 	 0.890282241845438 
1 	64	 1.0772639865030538 	0.0 	 8	 100 	 0.35582585409494794 	 0.8902822236736309 
1 	65	 1.0772639865030538 	0.0 	 8	 100 	 0.3558259036323359 	 0.890282208581306 
1 	66	 1.0772639865030538 	0.0 	 8	 100 	 0.3558259447793496 	 0.8902821960462037 
1 	67	 1.0772639865030538 	0.0 	 8	 100 	 0.3558259789578128 	 0.8902821856347213 
1 	68	 1.0772639865030538 	0.0 	 8	 100 	 0.35582600734835723 	 0.8902821769868883 
1 	69	 1.0772639865030538 	0.0 	 8	 100 	 0.3558260309314652 	 0.8902821698038075 
1 	70	 1.0772639865030538 	0.0 	 8	 100 	 0.3558260505216206 	 0.8902821638371916 
1 	71	 1.0772639865030538 	0.0 	 8	 100 	 0.3558260667949259 	 0.8902821588810104 
1 	72	 1.0772639865030538 	0.0 	 8	 100 	 0.35582608031315444 	 0.8902821547640717 
1 	73	 1.0772639865030538 	0.0 	 8	 100 	 0.35582609154288247 	 0.8902821513441962 
1 	74	 1.0772639865030538 	0.0 	 8	 100 	 0.35582610087167266 	 0.8902821485033034 
1 	75	 1.0772639865030538 	0.0 	 8	 100 	 0.35582610862115627 	 0.8902821461434322 
1 	76	 1.0772639865030538 	0.0 	 8	 100 	 0.355826115058864 	 0.8902821441830717 
1 	77	 1.0772639865030538 	0.0 	 8	 100 	 0.35582612040700123 	 0.8902821425545104 
1 	78	 1.0772639865030538 	0.0 	 8	 100 	 0.35582612484983234 	 0.8902821412016644 
1 	79	 1.0772639865030538 	0.0 	 8	 100 	 0.35582612854070433 	 0.890282140077796 
1 	80	 1.0772639865030538 	0.0 	 8	 100 	 0.3558261316068455 	 0.8902821391441751 
1 	81	 1.0772639865030538 	0.0 	 8	 100 	 0.3558261341540777 	 0.8902821383685667 
1 	82	 1.0772639865030538 	0.0 	 8	 100 	 0.355826136270156 	 0.8902821377242488 
1 	83	 1.0772639865030538 	0.0 	 8	 100 	 0.35582613802804647 	 0.8902821371890096 
1 	84	 1.0772639865030538 	0.0 	 8	 100 	 0.35582613948857494 	 0.8902821367442897 
1 	85	 1.0772639865030538 	0.0 	 8	 100 	 0.3558261407017925 	 0.8902821363748974 
1 	86	 1.0772639865030538 	0.0 	 8	 100 	 0.3558261417096714 	 0.8902821360680255 
1 	87	 1.0772639865030538 	0.0 	 8	 100 	 0.3558261425470599 	 0.8902821358130583 
1 	88	 1.0772639865030538 	0.0 	 8	 100 	 0.3558261432425851 	 0.8902821356013025 
1 	89	 1.0772639865030538 	0.0 	 8	 100 	 0.35582614382061445 	 0.8902821354252899 
1 	90	 1.0772639865030538 	0.0 	 8	 100 	 0.3558261443006604 	 0.8902821352791355 
1 	91	 1.0772639865030538 	0.0 	 8	 100 	 0.35582614469945156 	 0.8902821351577199 
1 	92	 1.0772639865030538 	0.0 	 8	 100 	 0.355826145030904 	 0.8902821350567941 
1 	93	 1.0772639865030538 	0.0 	 8	 100 	 0.35582614530615236 	 0.8902821349729911 
1 	94	 1.0772639865030538 	0.0 	 8	 100 	 0.3558261455347515 	 0.8902821349034002 
1 	95	 1.0772639865030538 	0.0 	 8	 100 	 0.3558261457248369 	 0.8902821348455132 
1 	96	 1.0772639865030538 	0.0 	 8	 100 	 0.35582614588259837 	 0.8902821347974915 
1 	97	 1.0772639865030538 	0.0 	 8	 100 	 0.35582614601376705 	 0.8902821347575476 
1 	98	 1.0772639865030538 	0.0 	 8	 100 	 0.35582614612273455 	 0.8902821347243703 
1 	99	 1.0772639865030538 	0.0 	 8	 100 	 0.35582614621324826 	 0.8902821346968095 
1 	1	 1.1781389668582376 	0.0 	 8	 100 	 0.2179623592764882 	 0.9433180381640756 
1 	2	 1.1781389668582376 	0.0 	 8	 100 	 0.2395076133937813 	 0.9356622080093692 
1 	3	 1.1781389668582376 	0.0 	 8	 100 	 0.2505010075618689 	 0.9317240100692102 
1 	4	 1.1781389668582376 	0.0 	 8	 100 	 0.25663379793534824 	 0.9295491252141334 
1 	5	 1.1781389668582376 	0.0 	 8	 100 	 0.26023078637420816 	 0.928294148335506 
1 	6	 1.1781389668582376 	0.0 	 8	 100 	 0.2624076281478026 	 0.927548049087135 
1 	7	 1.1781389668582376 	0.0 	 8	 100 	 0.26376892816600017 	 0.9270947140944155 
1 	8	 1.1781389668582376 	0.0 	 8	 100 	 0.2646178407609491 	 0.9268146038744677 
1 	9	 1.1781389668582376 	0.0 	 8	 100 	 0.26515808111056965 	 0.9266391820142402 
1 	10	 1.1781389668582376 	0.0 	 8	 100 	 0.265505200022678 	 0.9265280923781054 
1 	11	 1.1781389668582376 	0.0 	 8	 100 	 0.2657300069547058 	 0.9264570762059201 
1 	12	 1.1781389668582376 	0.0 	 8	 100 	 0.2658765809893589 	 0.9264113074798989 
1 	13	 1.1781389668582376 	0.0 	 8	 100 	 0.26597270391617983 	 0.9263816003207541 
1 	14	 1.1781389668582376 	0.0 	 8	 100 	 0.2660360636608258 	 0.9263621972381222 
1 	15	 1.1781389668582376 	0.0 	 8	 100 	 0.2660780173313961 	 0.9263494535542749 
1 	16	 1.1781389668582376 	0.0 	 8	 100 	 0.26610591014115936 	 0.9263410419937916 
1 	17	 1.1781389668582376 	0.0 	 8	 100 	 0.2661245227140619 	 0.9263354650921126 
1 	18	 1.1781389668582376 	0.0 	 8	 100 	 0.26613698395745516 	 0.9263317527384493 
1 	19	 1.1781389668582376 	0.0 	 8	 100 	 0.2661453520049378 	 0.9263292726140134 
1 	20	 1.1781389668582376 	0.0 	 8	 100 	 0.2661509867787319 	 0.9263276103015889 
1 	21	 1.1781389668582376 	0.0 	 8	 100 	 0.2661547905372265 	 0.926326492843287 
1 	22	 1.1781389668582376 	0.0 	 8	 100 	 0.266157364125785 	 0.9263257396449521 
1 	23	 1.1781389668582376 	0.0 	 8	 100 	 0.26615910902555845 	 0.9263252307355707 
1 	24	 1.1781389668582376 	0.0 	 8	 100 	 0.2661602943333264 	 0.9263248861232922 
1 	25	 1.1781389668582376 	0.0 	 8	 100 	 0.26616110092283546 	 0.9263246522949933 
1 	26	 1.1781389668582376 	0.0 	 8	 100 	 0.26616165068228737 	 0.9263244933431771 
1 	27	 1.1781389668582376 	0.0 	 8	 100 	 0.26616202594450705 	 0.9263243851076616 
1 	28	 1.1781389668582376 	0.0 	 8	 100 	 0.26616228244423257 	 0.9263243112917177 
1 	29	 1.1781389668582376 	0.0 	 8	 100 	 0.26616245798608007 	 0.9263242608776153 
1 	30	 1.1781389668582376 	0.0 	 8	 100 	 0.2661625782598612 	 0.9263242264009974 
1 	31	 1.1781389668582376 	0.0 	 8	 100 	 0.2661626607527322 	 0.9263242027950178 
1 	32	 1.1781389668582376 	0.0 	 8	 100 	 0.2661627173867454 	 0.9263241866142277 
1 	33	 1.1781389668582376 	0.0 	 8	 100 	 0.2661627563017808 	 0.9263241755118088 
1 	34	 1.1781389668582376 	0.0 	 8	 100 	 0.26616278306274443 	 0.9263241678868699 
1 	35	 1.1781389668582376 	0.0 	 8	 100 	 0.2661628014789452 	 0.9263241626457722 
1 	36	 1.1781389668582376 	0.0 	 8	 100 	 0.2661628141607282 	 0.9263241590404943 
1 	37	 1.1781389668582376 	0.0 	 8	 100 	 0.2661628228988202 	 0.926324156558752 
1 	38	 1.1781389668582376 	0.0 	 8	 100 	 0.2661628289228428 	 0.9263241548493221 
1 	39	 1.1781389668582376 	0.0 	 8	 100 	 0.2661628330777052 	 0.9263241536712243 
1 	40	 1.1781389668582376 	0.0 	 8	 100 	 0.2661628359446463 	 0.9263241528588794 
1 	41	 1.1781389668582376 	0.0 	 8	 100 	 0.26616283792368417 	 0.926324152298468 
1 	42	 1.1781389668582376 	0.0 	 8	 100 	 0.26616283929019613 	 0.9263241519117297 
1 	43	 1.1781389668582376 	0.0 	 8	 100 	 0.26616284023412884 	 0.9263241516447157 
1 	44	 1.1781389668582376 	0.0 	 8	 100 	 0.2661628408863066 	 0.9263241514603135 
1 	45	 1.1781389668582376 	0.0 	 8	 100 	 0.2661628413370213 	 0.9263241513329262 
1 	46	 1.1781389668582376 	0.0 	 8	 100 	 0.26616284164859055 	 0.9263241512448948 
1 	47	 1.1781389668582376 	0.0 	 8	 100 	 0.2661628418639692 	 0.9263241511840641 
1 	48	 1.1781389668582376 	0.0 	 8	 100 	 0.26616284201291923 	 0.926324151142005 
1 	49	 1.1781389668582376 	0.0 	 8	 100 	 0.26616284211592767 	 0.9263241511129255 
1 	50	 1.1781389668582376 	0.0 	 8	 100 	 0.26616284218720854 	 0.9263241510928047 
1 	51	 1.1781389668582376 	0.0 	 8	 100 	 0.2661628422364766 	 0.9263241510789051 
1 	52	 1.1781389668582376 	0.0 	 8	 100 	 0.26616284227055387 	 0.9263241510692931 
1 	53	 1.1781389668582376 	0.0 	 8	 100 	 0.2661628422941671 	 0.9263241510626302 
1 	54	 1.1781389668582376 	0.0 	 8	 100 	 0.2661628423104918 	 0.9263241510580258 
1 	55	 1.1781389668582376 	0.0 	 8	 100 	 0.2661628423217952 	 0.9263241510548379 
1 	56	 1.1781389668582376 	0.0 	 8	 100 	 0.266162842329619 	 0.9263241510526314 
1 	57	 1.1781389668582376 	0.0 	 8	 100 	 0.26616284233501464 	 0.9263241510511117 
1 	58	 1.1781389668582376 	0.0 	 8	 100 	 0.26616284233872184 	 0.9263241510500704 
1 	59	 1.1781389668582376 	0.0 	 8	 100 	 0.266162842341315 	 0.9263241510493395 
1 	60	 1.1781389668582376 	0.0 	 8	 100 	 0.26616284234312204 	 0.9263241510488286 
1 	61	 1.1781389668582376 	0.0 	 8	 100 	 0.26616284234441295 	 0.9263241510484606 
1 	62	 1.1781389668582376 	0.0 	 8	 100 	 0.2661628423452337 	 0.926324151048232 
1 	63	 1.1781389668582376 	0.0 	 8	 100 	 0.2661628423458309 	 0.9263241510480642 
1 	64	 1.1781389668582376 	0.0 	 8	 100 	 0.2661628423462587 	 0.9263241510479413 
1 	65	 1.1781389668582376 	0.0 	 8	 100 	 0.26616284234660276 	 0.9263241510478399 
1 	66	 1.1781389668582376 	0.0 	 8	 100 	 0.2661628423467262 	 0.9263241510478128 
1 	67	 1.1781389668582376 	0.0 	 8	 100 	 0.2661628423468833 	 0.9263241510477651 
1 	68	 1.1781389668582376 	0.0 	 8	 100 	 0.2661628423469818 	 0.9263241510477361 
1 	69	 1.1781389668582376 	0.0 	 8	 100 	 0.2661628423470029 	 0.9263241510477351 
1 	70	 1.1781389668582376 	0.0 	 8	 100 	 0.2661628423470315 	 0.9263241510477295 
1 	71	 1.1781389668582376 	0.0 	 8	 100 	 0.2661628423470362 	 0.92632415104773 
1 	72	 1.1781389668582376 	0.0 	 8	 100 	 0.2661628423471329 	 0.9263241510476953 
1 	73	 1.1781389668582376 	0.0 	 8	 100 	 0.2661628423470828 	 0.9263241510477161 
1 	74	 1.1781389668582376 	0.0 	 8	 100 	 0.26616284234716414 	 0.9263241510476867 
1 	75	 1.1781389668582376 	0.0 	 8	 100 	 0.26616284234719545 	 0.9263241510476743 
1 	76	 1.1781389668582376 	0.0 	 8	 100 	 0.2661628423471674 	 0.9263241510476852 
1 	77	 1.1781389668582376 	0.0 	 8	 100 	 0.26616284234715504 	 0.9263241510476898 
1 	78	 1.1781389668582376 	0.0 	 8	 100 	 0.26616284234714965 	 0.9263241510476923 
1 	79	 1.1781389668582376 	0.0 	 8	 100 	 0.2661628423471263 	 0.9263241510477027 
1 	80	 1.1781389668582376 	0.0 	 8	 100 	 0.266162842347209 	 0.9263241510476709 
1 	81	 1.1781389668582376 	0.0 	 8	 100 	 0.2661628423472025 	 0.926324151047673 
1 	82	 1.1781389668582376 	0.0 	 8	 100 	 0.266162842347166 	 0.9263241510476866 
1 	83	 1.1781389668582376 	0.0 	 8	 100 	 0.26616284234719706 	 0.9263241510476765 
1 	84	 1.1781389668582376 	0.0 	 8	 100 	 0.2661628423471377 	 0.9263241510476982 
1 	85	 1.1781389668582376 	0.0 	 8	 100 	 0.26616284234715487 	 0.9263241510476913 
1 	86	 1.1781389668582376 	0.0 	 8	 100 	 0.2661628423471666 	 0.9263241510476867 
1 	87	 1.1781389668582376 	0.0 	 8	 100 	 0.2661628423471484 	 0.9263241510476937 
1 	88	 1.1781389668582376 	0.0 	 8	 100 	 0.26616284234712 	 0.9263241510477046 
1 	89	 1.1781389668582376 	0.0 	 8	 100 	 0.26616284234715515 	 0.9263241510476896 
1 	90	 1.1781389668582376 	0.0 	 8	 100 	 0.26616284234716153 	 0.9263241510476893 
1 	91	 1.1781389668582376 	0.0 	 8	 100 	 0.26616284234715043 	 0.9263241510476932 
1 	92	 1.1781389668582376 	0.0 	 8	 100 	 0.2661628423471749 	 0.9263241510476847 
1 	93	 1.1781389668582376 	0.0 	 8	 100 	 0.26616284234714493 	 0.926324151047695 
1 	94	 1.1781389668582376 	0.0 	 8	 100 	 0.2661628423471319 	 0.9263241510476992 
1 	95	 1.1781389668582376 	0.0 	 8	 100 	 0.26616284234719717 	 0.9263241510476755 
1 	96	 1.1781389668582376 	0.0 	 8	 100 	 0.2661628423471263 	 0.9263241510477026 
1 	97	 1.1781389668582376 	0.0 	 8	 100 	 0.26616284234715726 	 0.9263241510476891 
1 	98	 1.1781389668582376 	0.0 	 8	 100 	 0.26616284234716464 	 0.9263241510476885 
1 	99	 1.1781389668582376 	0.0 	 8	 100 	 0.26616284234722387 	 0.9263241510476654 
1 	1	 1.3395116557846019 	0.0 	 8	 100 	 0.1751498778478701 	 0.957753378108911 
1 	2	 1.3395116557846019 	0.0 	 8	 100 	 0.18674855765634152 	 0.9540746945734844 
1 	3	 1.3395116557846019 	0.0 	 8	 100 	 0.19128282283895529 	 0.9526442803918476 
1 	4	 1.3395116557846019 	0.0 	 8	 100 	 0.1932034263819541 	 0.9520486180859805 
1 	5	 1.3395116557846019 	0.0 	 8	 100 	 0.1940551356492547 	 0.9517892100200732 
1 	6	 1.3395116557846019 	0.0 	 8	 100 	 0.1944445297714045 	 0.9516725255118875 
1 	7	 1.3395116557846019 	0.0 	 8	 100 	 0.1946265870474005 	 0.9516187171801557 
1 	8	 1.3395116557846019 	0.0 	 8	 100 	 0.19471321314995463 	 0.9515934049458421 
1 	9	 1.3395116557846019 	0.0 	 8	 100 	 0.19475502708415202 	 0.9515813017208055 
1 	10	 1.3395116557846019 	0.0 	 8	 100 	 0.19477545477723957 	 0.951575435130627 
1 	11	 1.3395116557846019 	0.0 	 8	 100 	 0.19478553729227305 	 0.9515725586219392 
1 	12	 1.3395116557846019 	0.0 	 8	 100 	 0.19479055779644244 	 0.9515711343058175 
1 	13	 1.3395116557846019 	0.0 	 8	 100 	 0.19479307688018818 	 0.951570423074987 
1 	14	 1.3395116557846019 	0.0 	 8	 100 	 0.19479434929824327 	 0.9515700653189865 
1 	15	 1.3395116557846019 	0.0 	 8	 100 	 0.19479499578482876 	 0.9515698842141163 
1 	16	 1.3395116557846019 	0.0 	 8	 100 	 0.19479532596596458 	 0.9515697920185978 
1 	17	 1.3395116557846019 	0.0 	 8	 100 	 0.19479549539804725 	 0.9515697448486398 
1 	18	 1.3395116557846019 	0.0 	 8	 100 	 0.19479558272355102 	 0.951569720604649 
1 	19	 1.3395116557846019 	0.0 	 8	 100 	 0.19479562791924843 	 0.9515697080906705 
1 	20	 1.3395116557846019 	0.0 	 8	 100 	 0.1947956514059524 	 0.9515697016048277 
1 	21	 1.3395116557846019 	0.0 	 8	 100 	 0.19479566366093054 	 0.9515696982296987 
1 	22	 1.3395116557846019 	0.0 	 8	 100 	 0.19479567008178184 	 0.951569696466194 
1 	23	 1.3395116557846019 	0.0 	 8	 100 	 0.19479567346013385 	 0.9515696955409426 
1 	24	 1.3395116557846019 	0.0 	 8	 100 	 0.19479567524533561 	 0.9515696950534417 
1 	25	 1.3395116557846019 	0.0 	 8	 100 	 0.1947956761929068 	 0.9515696947954531 
1 	26	 1.3395116557846019 	0.0 	 8	 100 	 0.1947956766981303 	 0.9515696946583179 
1 	27	 1.3395116557846019 	0.0 	 8	 100 	 0.19479567696873082 	 0.9515696945850961 
1 	28	 1.3395116557846019 	0.0 	 8	 100 	 0.19479567711432222 	 0.9515696945458227 
1 	29	 1.3395116557846019 	0.0 	 8	 100 	 0.19479567719307325 	 0.9515696945246425 
1 	30	 1.3395116557846019 	0.0 	 8	 100 	 0.19479567723577346 	 0.9515696945131967 
1 	31	 1.3395116557846019 	0.0 	 8	 100 	 0.19479567725909655 	 0.9515696945069616 
1 	32	 1.3395116557846019 	0.0 	 8	 100 	 0.19479567727186986 	 0.9515696945035572 
1 	33	 1.3395116557846019 	0.0 	 8	 100 	 0.1947956772788979 	 0.951569694501688 
1 	34	 1.3395116557846019 	0.0 	 8	 100 	 0.19479567728276342 	 0.9515696945006641 
1 	35	 1.3395116557846019 	0.0 	 8	 100 	 0.19479567728489172 	 0.951569694500103 
1 	36	 1.3395116557846019 	0.0 	 8	 100 	 0.19479567728610117 	 0.9515696944997828 
1 	37	 1.3395116557846019 	0.0 	 8	 100 	 0.19479567728679267 	 0.9515696944995994 
1 	38	 1.3395116557846019 	0.0 	 8	 100 	 0.1947956772871358 	 0.9515696944995112 
1 	39	 1.3395116557846019 	0.0 	 8	 100 	 0.19479567728735675 	 0.9515696944994527 
1 	40	 1.3395116557846019 	0.0 	 8	 100 	 0.1947956772874829 	 0.9515696944994188 
1 	41	 1.3395116557846019 	0.0 	 8	 100 	 0.19479567728755218 	 0.9515696944994009 
1 	42	 1.3395116557846019 	0.0 	 8	 100 	 0.19479567728760944 	 0.9515696944993838 
1 	43	 1.3395116557846019 	0.0 	 8	 100 	 0.19479567728761857 	 0.9515696944993823 
1 	44	 1.3395116557846019 	0.0 	 8	 100 	 0.1947956772876375 	 0.9515696944993771 
1 	45	 1.3395116557846019 	0.0 	 8	 100 	 0.1947956772876563 	 0.9515696944993708 
1 	46	 1.3395116557846019 	0.0 	 8	 100 	 0.19479567728766697 	 0.9515696944993678 
1 	47	 1.3395116557846019 	0.0 	 8	 100 	 0.19479567728760708 	 0.9515696944993884 
1 	48	 1.3395116557846019 	0.0 	 8	 100 	 0.19479567728762576 	 0.951569694499382 
1 	49	 1.3395116557846019 	0.0 	 8	 100 	 0.19479567728762448 	 0.9515696944993827 
1 	50	 1.3395116557846019 	0.0 	 8	 100 	 0.1947956772876323 	 0.9515696944993798 
1 	51	 1.3395116557846019 	0.0 	 8	 100 	 0.1947956772876639 	 0.9515696944993701 
1 	52	 1.3395116557846019 	0.0 	 8	 100 	 0.19479567728761282 	 0.951569694499386 
1 	53	 1.3395116557846019 	0.0 	 8	 100 	 0.19479567728759695 	 0.9515696944993927 
1 	54	 1.3395116557846019 	0.0 	 8	 100 	 0.19479567728762753 	 0.9515696944993811 
1 	55	 1.3395116557846019 	0.0 	 8	 100 	 0.1947956772876309 	 0.9515696944993794 
1 	56	 1.3395116557846019 	0.0 	 8	 100 	 0.19479567728760278 	 0.9515696944993904 
1 	57	 1.3395116557846019 	0.0 	 8	 100 	 0.19479567728762354 	 0.9515696944993829 
1 	58	 1.3395116557846019 	0.0 	 8	 100 	 0.19479567728764235 	 0.9515696944993765 
1 	59	 1.3395116557846019 	0.0 	 8	 100 	 0.1947956772876248 	 0.9515696944993822 
1 	60	 1.3395116557846019 	0.0 	 8	 100 	 0.19479567728764774 	 0.9515696944993748 
1 	61	 1.3395116557846019 	0.0 	 8	 100 	 0.19479567728762412 	 0.9515696944993824 
1 	62	 1.3395116557846019 	0.0 	 8	 100 	 0.19479567728762648 	 0.9515696944993821 
1 	63	 1.3395116557846019 	0.0 	 8	 100 	 0.1947956772876237 	 0.9515696944993827 
1 	64	 1.3395116557846019 	0.0 	 8	 100 	 0.19479567728762032 	 0.9515696944993841 
1 	65	 1.3395116557846019 	0.0 	 8	 100 	 0.19479567728765143 	 0.9515696944993727 
1 	66	 1.3395116557846019 	0.0 	 8	 100 	 0.19479567728761552 	 0.9515696944993852 
1 	67	 1.3395116557846019 	0.0 	 8	 100 	 0.19479567728765465 	 0.9515696944993721 
1 	68	 1.3395116557846019 	0.0 	 8	 100 	 0.19479567728766592 	 0.9515696944993687 
1 	69	 1.3395116557846019 	0.0 	 8	 100 	 0.19479567728763209 	 0.9515696944993799 
1 	70	 1.3395116557846019 	0.0 	 8	 100 	 0.194795677287591 	 0.9515696944993935 
1 	71	 1.3395116557846019 	0.0 	 8	 100 	 0.1947956772876442 	 0.9515696944993763 
1 	72	 1.3395116557846019 	0.0 	 8	 100 	 0.19479567728763544 	 0.9515696944993789 
1 	73	 1.3395116557846019 	0.0 	 8	 100 	 0.19479567728759353 	 0.9515696944993935 
1 	74	 1.3395116557846019 	0.0 	 8	 100 	 0.19479567728765668 	 0.9515696944993721 
1 	75	 1.3395116557846019 	0.0 	 8	 100 	 0.19479567728762745 	 0.9515696944993812 
1 	76	 1.3395116557846019 	0.0 	 8	 100 	 0.19479567728762387 	 0.951569694499383 
1 	77	 1.3395116557846019 	0.0 	 8	 100 	 0.19479567728763442 	 0.9515696944993786 
1 	78	 1.3395116557846019 	0.0 	 8	 100 	 0.19479567728764527 	 0.9515696944993751 
1 	79	 1.3395116557846019 	0.0 	 8	 100 	 0.19479567728764088 	 0.9515696944993765 
1 	80	 1.3395116557846019 	0.0 	 8	 100 	 0.194795677287625 	 0.9515696944993827 
1 	81	 1.3395116557846019 	0.0 	 8	 100 	 0.19479567728762667 	 0.9515696944993826 
1 	82	 1.3395116557846019 	0.0 	 8	 100 	 0.1947956772875993 	 0.9515696944993913 
1 	83	 1.3395116557846019 	0.0 	 8	 100 	 0.19479567728764435 	 0.951569694499376 
1 	84	 1.3395116557846019 	0.0 	 8	 100 	 0.19479567728762767 	 0.9515696944993814 
1 	85	 1.3395116557846019 	0.0 	 8	 100 	 0.1947956772876048 	 0.9515696944993893 
1 	86	 1.3395116557846019 	0.0 	 8	 100 	 0.19479567728766858 	 0.9515696944993667 
1 	87	 1.3395116557846019 	0.0 	 8	 100 	 0.19479567728759364 	 0.9515696944993932 
1 	88	 1.3395116557846019 	0.0 	 8	 100 	 0.1947956772876047 	 0.9515696944993894 
1 	89	 1.3395116557846019 	0.0 	 8	 100 	 0.19479567728762864 	 0.9515696944993819 
1 	90	 1.3395116557846019 	0.0 	 8	 100 	 0.19479567728765615 	 0.951569694499372 
1 	91	 1.3395116557846019 	0.0 	 8	 100 	 0.1947956772876659 	 0.9515696944993683 
1 	92	 1.3395116557846019 	0.0 	 8	 100 	 0.1947956772877106 	 0.9515696944993526 
1 	93	 1.3395116557846019 	0.0 	 8	 100 	 0.19479567728765365 	 0.9515696944993723 
1 	94	 1.3395116557846019 	0.0 	 8	 100 	 0.19479567728756134 	 0.9515696944994039 
1 	95	 1.3395116557846019 	0.0 	 8	 100 	 0.19479567728764274 	 0.9515696944993766 
1 	96	 1.3395116557846019 	0.0 	 8	 100 	 0.1947956772877016 	 0.9515696944993564 
1 	97	 1.3395116557846019 	0.0 	 8	 100 	 0.1947956772876294 	 0.9515696944993809 
1 	98	 1.3395116557846019 	0.0 	 8	 100 	 0.19479567728756766 	 0.9515696944994015 
1 	99	 1.3395116557846019 	0.0 	 8	 100 	 0.19479567728760258 	 0.9515696944993892 
1 	1	 1.5866870922136203 	0.0 	 8	 100 	 0.1305783211787882 	 0.9712095397662162 
1 	2	 1.5866870922136203 	0.0 	 8	 100 	 0.13539380393206568 	 0.9698576898619805 
1 	3	 1.5866870922136203 	0.0 	 8	 100 	 0.13670070948016108 	 0.9694947171089767 
1 	4	 1.5866870922136203 	0.0 	 8	 100 	 0.1370841541885661 	 0.9693897506003288 
1 	5	 1.5866870922136203 	0.0 	 8	 100 	 0.13720238181220368 	 0.9693577912348394 
1 	6	 1.5866870922136203 	0.0 	 8	 100 	 0.1372401533848547 	 0.9693476831633805 
1 	7	 1.5866870922136203 	0.0 	 8	 100 	 0.13725255143112164 	 0.9693443917488835 
1 	8	 1.5866870922136203 	0.0 	 8	 100 	 0.13725670850141206 	 0.9693432952308361 
1 	9	 1.5866870922136203 	0.0 	 8	 100 	 0.13725812646441615 	 0.9693429231907994 
1 	10	 1.5866870922136203 	0.0 	 8	 100 	 0.13725861696249048 	 0.9693427950658167 
1 	11	 1.5866870922136203 	0.0 	 8	 100 	 0.13725878862478175 	 0.9693427503940888 
1 	12	 1.5866870922136203 	0.0 	 8	 100 	 0.13725884929678175 	 0.9693427346568608 
1 	13	 1.5866870922136203 	0.0 	 8	 100 	 0.13725887092369576 	 0.9693427290635821 
1 	14	 1.5866870922136203 	0.0 	 8	 100 	 0.1372588786919253 	 0.9693427270600882 
1 	15	 1.5866870922136203 	0.0 	 8	 100 	 0.13725888150286183 	 0.9693427263372171 
1 	16	 1.5866870922136203 	0.0 	 8	 100 	 0.13725888252793816 	 0.9693427260744818 
1 	17	 1.5866870922136203 	0.0 	 8	 100 	 0.1372588829051559 	 0.9693427259781977 
1 	18	 1.5866870922136203 	0.0 	 8	 100 	 0.13725888304553832 	 0.9693427259425579 
1 	19	 1.5866870922136203 	0.0 	 8	 100 	 0.13725888309854084 	 0.9693427259291978 
1 	20	 1.5866870922136203 	0.0 	 8	 100 	 0.13725888311893883 	 0.9693427259241025 
1 	21	 1.5866870922136203 	0.0 	 8	 100 	 0.13725888312696613 	 0.969342725922121 
1 	22	 1.5866870922136203 	0.0 	 8	 100 	 0.1372588831302139 	 0.9693427259213304 
1 	23	 1.5866870922136203 	0.0 	 8	 100 	 0.13725888313158924 	 0.9693427259210008 
1 	24	 1.5866870922136203 	0.0 	 8	 100 	 0.13725888313218612 	 0.9693427259208598 
1 	25	 1.5866870922136203 	0.0 	 8	 100 	 0.13725888313244525 	 0.9693427259208003 
1 	26	 1.5866870922136203 	0.0 	 8	 100 	 0.13725888313258694 	 0.9693427259207676 
1 	27	 1.5866870922136203 	0.0 	 8	 100 	 0.13725888313263207 	 0.9693427259207573 
1 	28	 1.5866870922136203 	0.0 	 8	 100 	 0.1372588831326783 	 0.9693427259207461 
1 	29	 1.5866870922136203 	0.0 	 8	 100 	 0.13725888313267817 	 0.9693427259207471 
1 	30	 1.5866870922136203 	0.0 	 8	 100 	 0.13725888313266735 	 0.9693427259207509 
1 	31	 1.5866870922136203 	0.0 	 8	 100 	 0.13725888313267645 	 0.9693427259207491 
1 	32	 1.5866870922136203 	0.0 	 8	 100 	 0.1372588831327073 	 0.96934272592074 
1 	33	 1.5866870922136203 	0.0 	 8	 100 	 0.13725888313271667 	 0.9693427259207376 
1 	34	 1.5866870922136203 	0.0 	 8	 100 	 0.13725888313269338 	 0.9693427259207444 
1 	35	 1.5866870922136203 	0.0 	 8	 100 	 0.13725888313268317 	 0.9693427259207467 
1 	36	 1.5866870922136203 	0.0 	 8	 100 	 0.13725888313267862 	 0.9693427259207485 
1 	37	 1.5866870922136203 	0.0 	 8	 100 	 0.1372588831326911 	 0.9693427259207453 
1 	38	 1.5866870922136203 	0.0 	 8	 100 	 0.13725888313270618 	 0.9693427259207408 
1 	39	 1.5866870922136203 	0.0 	 8	 100 	 0.13725888313268284 	 0.969342725920747 
1 	40	 1.5866870922136203 	0.0 	 8	 100 	 0.13725888313268197 	 0.9693427259207477 
1 	41	 1.5866870922136203 	0.0 	 8	 100 	 0.13725888313269008 	 0.9693427259207451 
1 	42	 1.5866870922136203 	0.0 	 8	 100 	 0.13725888313269424 	 0.9693427259207436 
1 	43	 1.5866870922136203 	0.0 	 8	 100 	 0.13725888313269505 	 0.9693427259207429 
1 	44	 1.5866870922136203 	0.0 	 8	 100 	 0.13725888313268578 	 0.9693427259207468 
1 	45	 1.5866870922136203 	0.0 	 8	 100 	 0.13725888313269471 	 0.9693427259207436 
1 	46	 1.5866870922136203 	0.0 	 8	 100 	 0.13725888313270518 	 0.969342725920741 
1 	47	 1.5866870922136203 	0.0 	 8	 100 	 0.1372588831326967 	 0.9693427259207432 
1 	48	 1.5866870922136203 	0.0 	 8	 100 	 0.13725888313270587 	 0.9693427259207406 
1 	49	 1.5866870922136203 	0.0 	 8	 100 	 0.13725888313269027 	 0.9693427259207452 
1 	50	 1.5866870922136203 	0.0 	 8	 100 	 0.13725888313269502 	 0.969342725920744 
1 	51	 1.5866870922136203 	0.0 	 8	 100 	 0.13725888313269524 	 0.9693427259207443 
1 	52	 1.5866870922136203 	0.0 	 8	 100 	 0.13725888313268786 	 0.9693427259207461 
1 	53	 1.5866870922136203 	0.0 	 8	 100 	 0.13725888313267642 	 0.9693427259207492 
1 	54	 1.5866870922136203 	0.0 	 8	 100 	 0.13725888313274878 	 0.9693427259207288 
1 	55	 1.5866870922136203 	0.0 	 8	 100 	 0.1372588831326716 	 0.969342725920751 
1 	56	 1.5866870922136203 	0.0 	 8	 100 	 0.13725888313268375 	 0.969342725920747 
1 	57	 1.5866870922136203 	0.0 	 8	 100 	 0.13725888313269285 	 0.9693427259207443 
1 	58	 1.5866870922136203 	0.0 	 8	 100 	 0.1372588831326959 	 0.9693427259207434 
1 	59	 1.5866870922136203 	0.0 	 8	 100 	 0.1372588831326668 	 0.9693427259207522 
1 	60	 1.5866870922136203 	0.0 	 8	 100 	 0.13725888313269408 	 0.9693427259207444 
1 	61	 1.5866870922136203 	0.0 	 8	 100 	 0.13725888313271242 	 0.9693427259207389 
1 	62	 1.5866870922136203 	0.0 	 8	 100 	 0.1372588831326854 	 0.9693427259207466 
1 	63	 1.5866870922136203 	0.0 	 8	 100 	 0.13725888313270668 	 0.9693427259207404 
1 	64	 1.5866870922136203 	0.0 	 8	 100 	 0.13725888313269288 	 0.9693427259207442 
1 	65	 1.5866870922136203 	0.0 	 8	 100 	 0.13725888313268422 	 0.9693427259207468 
1 	66	 1.5866870922136203 	0.0 	 8	 100 	 0.13725888313271614 	 0.9693427259207376 
1 	67	 1.5866870922136203 	0.0 	 8	 100 	 0.13725888313267873 	 0.9693427259207481 
1 	68	 1.5866870922136203 	0.0 	 8	 100 	 0.13725888313269582 	 0.9693427259207436 
1 	69	 1.5866870922136203 	0.0 	 8	 100 	 0.1372588831327062 	 0.9693427259207406 
1 	70	 1.5866870922136203 	0.0 	 8	 100 	 0.13725888313268386 	 0.9693427259207472 
1 	71	 1.5866870922136203 	0.0 	 8	 100 	 0.13725888313272466 	 0.9693427259207351 
1 	72	 1.5866870922136203 	0.0 	 8	 100 	 0.1372588831326753 	 0.9693427259207493 
1 	73	 1.5866870922136203 	0.0 	 8	 100 	 0.13725888313270937 	 0.9693427259207397 
1 	74	 1.5866870922136203 	0.0 	 8	 100 	 0.137258883132688 	 0.969342725920746 
1 	75	 1.5866870922136203 	0.0 	 8	 100 	 0.13725888313271514 	 0.9693427259207374 
1 	76	 1.5866870922136203 	0.0 	 8	 100 	 0.1372588831327193 	 0.9693427259207367 
1 	77	 1.5866870922136203 	0.0 	 8	 100 	 0.13725888313272747 	 0.9693427259207343 
1 	78	 1.5866870922136203 	0.0 	 8	 100 	 0.1372588831327136 	 0.9693427259207386 
1 	79	 1.5866870922136203 	0.0 	 8	 100 	 0.13725888313270174 	 0.969342725920742 
1 	80	 1.5866870922136203 	0.0 	 8	 100 	 0.13725888313266746 	 0.9693427259207519 
1 	81	 1.5866870922136203 	0.0 	 8	 100 	 0.13725888313268636 	 0.9693427259207462 
1 	82	 1.5866870922136203 	0.0 	 8	 100 	 0.13725888313266124 	 0.9693427259207538 
1 	83	 1.5866870922136203 	0.0 	 8	 100 	 0.1372588831326701 	 0.9693427259207509 
1 	84	 1.5866870922136203 	0.0 	 8	 100 	 0.1372588831327176 	 0.9693427259207373 
1 	85	 1.5866870922136203 	0.0 	 8	 100 	 0.13725888313268803 	 0.9693427259207468 
1 	86	 1.5866870922136203 	0.0 	 8	 100 	 0.1372588831326938 	 0.9693427259207441 
1 	87	 1.5866870922136203 	0.0 	 8	 100 	 0.13725888313266052 	 0.9693427259207539 
1 	88	 1.5866870922136203 	0.0 	 8	 100 	 0.1372588831326631 	 0.9693427259207531 
1 	89	 1.5866870922136203 	0.0 	 8	 100 	 0.13725888313270684 	 0.9693427259207399 
1 	90	 1.5866870922136203 	0.0 	 8	 100 	 0.1372588831327071 	 0.9693427259207398 
1 	91	 1.5866870922136203 	0.0 	 8	 100 	 0.13725888313269588 	 0.9693427259207433 
1 	92	 1.5866870922136203 	0.0 	 8	 100 	 0.13725888313269444 	 0.9693427259207448 
1 	93	 1.5866870922136203 	0.0 	 8	 100 	 0.13725888313273232 	 0.9693427259207333 
1 	94	 1.5866870922136203 	0.0 	 8	 100 	 0.13725888313261236 	 0.9693427259207684 
1 	95	 1.5866870922136203 	0.0 	 8	 100 	 0.13725888313266713 	 0.9693427259207518 
1 	96	 1.5866870922136203 	0.0 	 8	 100 	 0.13725888313266763 	 0.9693427259207519 
1 	97	 1.5866870922136203 	0.0 	 8	 100 	 0.1372588831327134 	 0.9693427259207389 
1 	98	 1.5866870922136203 	0.0 	 8	 100 	 0.1372588831326109 	 0.9693427259207683 
1 	99	 1.5866870922136203 	0.0 	 8	 100 	 0.137258883132706 	 0.9693427259207404 
