0.350000 0.044943 0.000210
0.360000 0.049837 0.000254
0.370000 0.056259 0.000266
0.380000 0.063667 0.000317
0.390000 0.074649 0.000361
0.400000 0.091815 0.000473
0.401000 0.092467 0.000465
0.402000 0.095408 0.000533
0.403000 0.096819 0.000531
0.404000 0.099460 0.000535
0.405000 0.101059 0.000625
0.406000 0.104062 0.000637
0.407000 0.106383 0.000608
0.408000 0.110020 0.000735
0.409000 0.111679 0.000734
0.410000 0.116317 0.000709
0.411000 0.119915 0.000875
0.412000 0.123030 0.000951
0.413000 0.127709 0.000876
0.414000 0.132098 0.000914
0.415000 0.136127 0.001024
0.416000 0.142666 0.001064
0.417000 0.146402 0.001077
0.418000 0.152315 0.001182
0.419000 0.158248 0.001383
0.420000 0.167314 0.001577
0.421000 0.173930 0.001578
0.422000 0.185867 0.001707
0.423000 0.188645 0.001992
0.424000 0.199063 0.001980
0.425000 0.210410 0.002262
0.426000 0.225740 0.002411
0.427000 0.241205 0.002897
0.428000 0.255073 0.003303
0.429000 0.265444 0.002974
0.430000 0.293178 0.003358
0.431000 0.315593 0.003707
0.432000 0.309967 0.003916
0.433000 0.363730 0.004492
0.434000 0.386489 0.004798
0.435000 0.446341 0.004716
0.436000 0.451793 0.003848
0.437000 0.500638 0.003679
0.438000 0.515022 0.003351
0.439000 0.585277 0.002475
0.440000 0.562764 0.004222
0.441000 0.597759 0.003412
0.442000 0.617435 0.003505
0.443000 0.633808 0.007571
0.444000 0.663479 0.002398
0.445000 0.678074 0.004024
0.446000 0.699063 0.002164
0.447000 0.724051 0.001048
0.448000 0.721923 0.003322
0.449000 0.746116 0.000588
0.450000 0.752490 0.000563
0.460000 0.814284 0.000321
0.470000 0.851768 0.000201
0.480000 0.877186 0.000133
