0.340000 0.145740 0.001102
0.341000 0.145346 0.001104
0.342000 0.145952 0.001128
0.343000 0.147672 0.001280
0.344000 0.152518 0.001127
0.345000 0.150251 0.001400
0.346000 0.154559 0.001242
0.347000 0.154735 0.001247
0.348000 0.155869 0.001238
0.349000 0.157173 0.001243
0.350000 0.160623 0.001344
0.351000 0.161304 0.001438
0.352000 0.163256 0.001310
0.353000 0.164131 0.001310
0.354000 0.164846 0.001544
0.355000 0.166925 0.001160
0.356000 0.164919 0.001322
0.357000 0.168647 0.001220
0.358000 0.173097 0.001334
0.359000 0.173464 0.001433
0.360000 0.175564 0.001364
0.361000 0.177311 0.001455
0.362000 0.178619 0.001483
0.363000 0.183981 0.001433
0.364000 0.183773 0.001424
0.365000 0.186466 0.001628
0.366000 0.189299 0.001559
0.367000 0.189400 0.001477
0.368000 0.194180 0.001478
0.369000 0.194307 0.001516
0.370000 0.198653 0.001420
0.371000 0.201518 0.001570
0.372000 0.201086 0.001799
0.373000 0.207948 0.001662
0.374000 0.207257 0.001809
0.375000 0.213093 0.001644
0.376000 0.213421 0.001609
0.377000 0.216385 0.001560
0.378000 0.221413 0.001765
0.379000 0.224226 0.001627
0.380000 0.231138 0.001779
0.381000 0.231407 0.001714
0.382000 0.234766 0.001802
0.383000 0.235352 0.001872
0.384000 0.238892 0.001866
0.385000 0.246011 0.001742
0.386000 0.250368 0.001841
0.387000 0.255913 0.001832
0.388000 0.260187 0.002239
0.389000 0.259243 0.001915
0.390000 0.267548 0.001857
0.391000 0.269912 0.002261
0.392000 0.275425 0.002085
0.393000 0.278456 0.001925
0.394000 0.286589 0.002202
0.395000 0.288156 0.002053
0.396000 0.297272 0.002118
0.397000 0.299180 0.002066
0.398000 0.307141 0.002482
0.399000 0.313762 0.002158
0.400000 0.323532 0.002322
0.400500 0.318516 0.002378
0.401000 0.322492 0.002020
0.401500 0.326818 0.002486
0.402000 0.332610 0.002624
0.402500 0.335849 0.002574
0.403000 0.340338 0.002241
0.403500 0.344923 0.002485
0.404000 0.347067 0.002356
0.404500 0.351714 0.002489
0.405000 0.355186 0.002221
0.405500 0.355897 0.002334
0.406000 0.358708 0.002289
0.406500 0.364577 0.002499
0.407000 0.368400 0.002583
0.407500 0.369722 0.002953
0.408000 0.382176 0.002887
0.408500 0.383916 0.002749
0.409000 0.382747 0.002437
0.409500 0.387977 0.002680
0.410000 0.389311 0.002687
0.410500 0.394065 0.002916
0.411000 0.395011 0.002820
0.411500 0.404466 0.002808
0.412000 0.406579 0.003273
0.412500 0.416067 0.002557
0.413000 0.417297 0.002787
0.413500 0.424325 0.002664
0.414000 0.427135 0.003243
0.414500 0.434519 0.002765
0.415000 0.438236 0.002566
0.415500 0.438808 0.002787
0.416000 0.449163 0.002580
0.416500 0.450811 0.003127
0.417000 0.458085 0.002870
0.417500 0.464859 0.002672
0.418000 0.466772 0.002993
0.418500 0.468257 0.003032
0.419000 0.477590 0.003070
0.419500 0.481969 0.002903
0.420000 0.482343 0.002743
0.420500 0.487052 0.003255
0.421000 0.495231 0.002799
0.421500 0.498148 0.002704
0.422000 0.508196 0.002842
0.422500 0.512475 0.003019
0.423000 0.517295 0.003087
0.423500 0.522766 0.002890
0.424000 0.522003 0.002897
0.424500 0.528699 0.003262
0.425000 0.536437 0.003465
0.425500 0.539121 0.002952
0.426000 0.549643 0.003072
0.426500 0.551864 0.002940
0.427000 0.559921 0.002753
0.427500 0.560109 0.003449
0.428000 0.568893 0.002930
0.428500 0.573986 0.003021
0.429000 0.582196 0.002994
0.429500 0.587427 0.003131
0.430000 0.594616 0.003245
0.430500 0.593195 0.002938
0.431000 0.602682 0.003179
0.431500 0.603231 0.002956
0.432000 0.613775 0.002771
0.432500 0.615793 0.002880
0.433000 0.617447 0.003289
0.433500 0.627224 0.002877
0.434000 0.631516 0.002708
0.434500 0.634503 0.002811
0.435000 0.643420 0.003090
0.435500 0.642660 0.002896
0.436000 0.646415 0.002891
0.436500 0.657991 0.002842
0.437000 0.659214 0.002365
0.437500 0.667586 0.002643
0.438000 0.669748 0.002963
0.438500 0.675644 0.002595
0.439000 0.679617 0.002674
0.439500 0.685817 0.002538
0.440000 0.684416 0.002429
0.440500 0.690148 0.002708
0.441000 0.694198 0.002608
0.441500 0.699531 0.002657
0.442000 0.705901 0.002676
0.442500 0.709720 0.002411
0.443000 0.712718 0.002522
0.443500 0.718318 0.002381
0.444000 0.718336 0.002284
0.444500 0.724998 0.002125
0.445000 0.725947 0.002483
0.445500 0.732560 0.002271
0.446000 0.740579 0.001811
0.446500 0.738151 0.002201
0.447000 0.744863 0.002189
0.447500 0.747490 0.002188
0.448000 0.751819 0.001982
0.448500 0.751711 0.002380
0.449000 0.758463 0.001963
0.449500 0.760760 0.002252
0.450000 0.759074 0.001785
0.451000 0.767955 0.002251
0.452000 0.773600 0.002153
0.453000 0.780072 0.001917
0.454000 0.790269 0.001596
0.455000 0.791326 0.001884
0.456000 0.796338 0.001825
0.457000 0.801176 0.001507
0.458000 0.808271 0.001316
0.459000 0.811899 0.001621
0.460000 0.816342 0.001306
0.461000 0.820129 0.001228
0.462000 0.824362 0.001540
0.463000 0.828363 0.001459
0.464000 0.832428 0.001241
0.465000 0.835441 0.001183
0.466000 0.839830 0.001219
0.467000 0.844387 0.001045
0.468000 0.846192 0.001323
0.469000 0.848664 0.000990
0.470000 0.851420 0.001152
0.471000 0.855252 0.000913
0.472000 0.856631 0.000852
0.473000 0.862350 0.000741
0.474000 0.862483 0.000879
0.475000 0.865590 0.000875
0.476000 0.869459 0.000733
0.477000 0.871973 0.000721
0.478000 0.872493 0.000956
0.479000 0.874350 0.000809
0.480000 0.877316 0.000754
