0.350000 0.052634 0.000242
0.360000 0.058137 0.000343
0.370000 0.065602 0.000306
0.380000 0.075141 0.000355
0.390000 0.087408 0.000425
0.400000 0.105596 0.000539
0.401000 0.108271 0.000626
0.402000 0.110343 0.000633
0.403000 0.113075 0.000607
0.404000 0.114992 0.000600
0.405000 0.119569 0.000687
0.406000 0.122720 0.000816
0.407000 0.125183 0.000728
0.408000 0.129664 0.000824
0.409000 0.132369 0.000787
0.410000 0.135903 0.000841
0.411000 0.139235 0.000881
0.412000 0.145133 0.001030
0.413000 0.148790 0.001002
0.414000 0.154371 0.001165
0.415000 0.159030 0.001162
0.416000 0.163414 0.001373
0.417000 0.172412 0.001229
0.418000 0.180892 0.001475
0.419000 0.187994 0.001404
0.420000 0.195152 0.001668
0.421000 0.203795 0.001792
0.422000 0.217247 0.001933
0.423000 0.220241 0.002203
0.424000 0.231207 0.002288
0.425000 0.246957 0.002435
0.426000 0.263124 0.002561
0.427000 0.278605 0.002898
0.428000 0.301987 0.003026
0.429000 0.300264 0.004215
0.430000 0.336033 0.002519
0.430500 0.350726 0.002813
0.431000 0.347790 0.002851
0.431500 0.356307 0.002264
0.432000 0.364713 0.002994
0.432500 0.370904 0.002950
0.433000 0.399880 0.002712
0.433500 0.405122 0.003149
0.434000 0.409106 0.003500
0.434500 0.432560 0.002434
0.435000 0.471184 0.002883
0.435500 0.455540 0.002930
0.436000 0.459020 0.003893
0.436500 0.487279 0.002271
0.437000 0.515460 0.003195
0.437500 0.509903 0.002616
0.438000 0.519751 0.003261
0.438500 0.555961 0.002716
0.439000 0.533846 0.002797
0.439500 0.557749 0.002880
0.440000 0.592003 0.002136
0.440500 0.582300 0.003435
0.441000 0.601379 0.002626
0.441500 0.622785 0.002618
0.442000 0.637246 0.002102
0.442500 0.635187 0.002565
0.443000 0.651687 0.002245
0.443500 0.671293 0.001697
0.444000 0.672768 0.001490
0.444500 0.668613 0.001473
0.445000 0.689469 0.001238
0.445500 0.706169 0.000736
0.446000 0.709723 0.001007
0.446500 0.705341 0.002029
0.447000 0.723093 0.000763
0.447500 0.728493 0.000805
0.448000 0.733883 0.000653
0.448500 0.727716 0.001558
0.449000 0.738066 0.000685
0.449500 0.742799 0.001096
0.450000 0.747342 0.001368
0.450500 0.748879 0.000956
0.460000 0.812729 0.000373
0.470000 0.852618 0.000191
0.480000 0.877638 0.000132
0.400500 0.106523 0.000517
0.401500 0.108776 0.000638
0.402500 0.110958 0.000585
0.403500 0.114765 0.000678
0.404500 0.118070 0.000705
0.405500 0.121104 0.000690
0.406500 0.122887 0.000671
0.407500 0.126010 0.000991
0.408500 0.131510 0.000816
0.409500 0.134328 0.000971
0.410500 0.137786 0.000952
0.411500 0.141743 0.000955
0.412500 0.148452 0.000960
0.413500 0.150919 0.001025
0.414500 0.157651 0.001103
0.415500 0.162894 0.001549
0.416500 0.169910 0.001690
0.417500 0.176610 0.001430
0.418500 0.181991 0.001468
0.419500 0.192289 0.001452
0.420500 0.198390 0.001444
0.421500 0.203648 0.001743
0.422500 0.219341 0.002358
0.423500 0.230381 0.002513
0.424500 0.238138 0.002185
0.425500 0.254739 0.002386
0.426500 0.267805 0.003412
0.427500 0.281693 0.002419
0.428500 0.298293 0.003145
0.429500 0.323557 0.003537
