0.340000 0.072294 0.000573
0.341000 0.072081 0.000573
0.342000 0.073914 0.000585
0.343000 0.073839 0.000670
0.344000 0.074372 0.000602
0.345000 0.075222 0.000532
0.346000 0.076071 0.000699
0.347000 0.076711 0.000644
0.348000 0.076354 0.000614
0.349000 0.079063 0.000658
0.350000 0.078655 0.000593
0.351000 0.079077 0.000639
0.352000 0.079360 0.000622
0.353000 0.080954 0.000704
0.354000 0.081242 0.000670
0.355000 0.081928 0.000594
0.356000 0.083740 0.000641
0.357000 0.084375 0.000673
0.358000 0.086145 0.000720
0.359000 0.086558 0.000772
0.360000 0.086755 0.000858
0.361000 0.088347 0.000689
0.362000 0.090097 0.000701
0.363000 0.090041 0.000711
0.364000 0.089964 0.000696
0.365000 0.092874 0.000789
0.366000 0.092985 0.000710
0.367000 0.094550 0.000769
0.368000 0.095133 0.000809
0.369000 0.096968 0.000783
0.370000 0.098635 0.000848
0.371000 0.099083 0.000859
0.372000 0.100727 0.000767
0.373000 0.101930 0.000818
0.374000 0.102689 0.000790
0.375000 0.104741 0.000848
0.376000 0.105556 0.000868
0.377000 0.107320 0.000822
0.378000 0.107693 0.000843
0.379000 0.109916 0.000948
0.380000 0.111566 0.000836
0.381000 0.113694 0.000886
0.382000 0.114832 0.000972
0.383000 0.116350 0.001038
0.384000 0.118663 0.001022
0.385000 0.121505 0.001066
0.386000 0.122853 0.001146
0.387000 0.125064 0.000940
0.388000 0.128126 0.001194
0.389000 0.130718 0.001136
0.390000 0.129607 0.001037
0.391000 0.134818 0.001075
0.392000 0.138001 0.001483
0.393000 0.137369 0.001147
0.394000 0.143045 0.001182
0.395000 0.145058 0.001139
0.396000 0.145982 0.001085
0.397000 0.149769 0.001521
0.398000 0.154837 0.001236
0.399000 0.157775 0.001536
0.400000 0.159302 0.001283
0.400500 0.160857 0.001702
0.401000 0.162170 0.001346
0.401500 0.165903 0.001351
0.402000 0.168398 0.001799
0.402500 0.172720 0.001456
0.403000 0.170731 0.001554
0.403500 0.173685 0.001472
0.404000 0.174982 0.001829
0.404500 0.178358 0.001630
0.405000 0.180057 0.001548
0.405500 0.183853 0.001764
0.406000 0.184999 0.001901
0.406500 0.185933 0.001672
0.407000 0.189269 0.001894
0.407500 0.189172 0.001708
0.408000 0.195475 0.001924
0.408500 0.196583 0.002011
0.409000 0.202337 0.002309
0.409500 0.202897 0.001962
0.410000 0.206769 0.001914
0.410500 0.206221 0.002019
0.411000 0.209520 0.002074
0.411500 0.215036 0.002225
0.412000 0.218738 0.002494
0.412500 0.221497 0.002508
0.413000 0.225432 0.002621
0.413500 0.227293 0.002400
0.414000 0.236251 0.002445
0.414500 0.236817 0.002375
0.415000 0.241323 0.002556
0.415500 0.243872 0.002755
0.416000 0.249990 0.002989
0.416500 0.253588 0.002688
0.417000 0.254965 0.002923
0.417500 0.262811 0.003219
0.418000 0.269846 0.003065
0.418500 0.271704 0.003170
0.419000 0.275415 0.002992
0.419500 0.281007 0.003117
0.420000 0.289959 0.002857
0.420500 0.298212 0.003832
0.421000 0.303214 0.003392
0.421500 0.311295 0.003667
0.422000 0.315815 0.003315
0.422500 0.323665 0.003568
0.423000 0.312347 0.003611
0.423500 0.338999 0.003824
0.424000 0.335348 0.004106
0.424500 0.346002 0.003856
0.425000 0.349560 0.004209
0.425500 0.358792 0.003696
0.426000 0.362663 0.004486
0.426500 0.380447 0.004913
0.427000 0.384138 0.005857
0.427500 0.399762 0.004540
0.428000 0.389255 0.005256
0.428500 0.397350 0.004505
0.429000 0.425834 0.005150
0.429500 0.429310 0.004127
0.430000 0.437843 0.006439
0.430500 0.449004 0.004805
0.431000 0.443695 0.004534
0.431500 0.470825 0.004352
0.432000 0.477701 0.005124
0.432500 0.492406 0.005330
0.433000 0.486788 0.005818
0.433500 0.497087 0.005262
0.434000 0.516613 0.004721
0.434500 0.524536 0.004665
0.435000 0.527841 0.004428
0.435500 0.533574 0.004863
0.436000 0.550473 0.004559
0.436500 0.559828 0.004417
0.437000 0.578719 0.004700
0.437500 0.581536 0.004253
0.438000 0.596479 0.004229
0.438500 0.609646 0.005223
0.439000 0.613006 0.005135
0.439500 0.616203 0.004371
0.440000 0.630957 0.003901
0.440500 0.622656 0.004727
0.441000 0.649111 0.003844
0.441500 0.654120 0.004238
0.442000 0.668557 0.003955
0.442500 0.663973 0.003544
0.443000 0.661737 0.004667
0.443500 0.679235 0.003500
0.444000 0.684384 0.003359
0.444500 0.697561 0.005579
0.445000 0.700957 0.003499
0.445500 0.709128 0.002627
0.446000 0.709504 0.002855
0.446500 0.716515 0.003624
0.447000 0.719997 0.002713
0.447500 0.725018 0.002872
0.448000 0.730056 0.002409
0.448500 0.739539 0.001983
0.449000 0.744090 0.002497
0.449500 0.747586 0.002458
0.450000 0.749547 0.002452
0.451000 0.760210 0.002173
0.452000 0.769448 0.001687
0.453000 0.773163 0.002027
0.454000 0.782869 0.001155
0.455000 0.789955 0.001028
0.456000 0.791857 0.001223
0.457000 0.799027 0.001161
0.458000 0.803077 0.000987
0.459000 0.808638 0.000953
0.460000 0.814851 0.001236
0.461000 0.819770 0.000983
0.462000 0.823165 0.000799
0.463000 0.826995 0.000958
0.464000 0.831340 0.000713
0.465000 0.836450 0.000598
0.466000 0.839082 0.000617
0.467000 0.840752 0.000660
0.468000 0.845308 0.000576
0.469000 0.849248 0.000541
0.470000 0.851510 0.000598
0.471000 0.854101 0.000417
0.472000 0.858505 0.000449
0.473000 0.860398 0.000438
0.474000 0.864146 0.000410
0.475000 0.865980 0.000381
0.476000 0.868048 0.000501
0.477000 0.870726 0.000484
0.478000 0.872293 0.000382
0.479000 0.874921 0.000389
0.480000 0.877566 0.000313
