0.340000 0.058188 0.000464
0.341000 0.057627 0.000509
0.342000 0.058072 0.000480
0.343000 0.058960 0.000490
0.344000 0.059545 0.000499
0.345000 0.059592 0.000562
0.346000 0.060203 0.000493
0.347000 0.061638 0.000488
0.348000 0.061500 0.000504
0.349000 0.061642 0.000514
0.350000 0.063779 0.000527
0.351000 0.062705 0.000506
0.352000 0.063932 0.000567
0.353000 0.064769 0.000477
0.354000 0.066166 0.000643
0.355000 0.066214 0.000543
0.356000 0.066394 0.000557
0.357000 0.067658 0.000599
0.358000 0.068078 0.000597
0.359000 0.068709 0.000666
0.360000 0.069696 0.000546
0.361000 0.069995 0.000685
0.362000 0.070774 0.000562
0.363000 0.072604 0.000636
0.364000 0.072277 0.000577
0.365000 0.074219 0.000584
0.366000 0.075313 0.000649
0.367000 0.075426 0.000621
0.368000 0.076003 0.000684
0.369000 0.076640 0.000795
0.370000 0.077956 0.000642
0.371000 0.079091 0.000635
0.372000 0.080620 0.000781
0.373000 0.080424 0.000679
0.374000 0.082163 0.000620
0.375000 0.083174 0.000666
0.376000 0.083688 0.000706
0.377000 0.085146 0.000678
0.378000 0.086365 0.000711
0.379000 0.088763 0.000667
0.380000 0.089329 0.000968
0.381000 0.091104 0.000740
0.382000 0.092897 0.000777
0.383000 0.092946 0.000815
0.384000 0.095979 0.000811
0.385000 0.096558 0.000820
0.386000 0.097778 0.000969
0.387000 0.099810 0.000839
0.388000 0.101844 0.000798
0.389000 0.102548 0.000832
0.390000 0.105097 0.000801
0.391000 0.106961 0.000806
0.392000 0.109822 0.001021
0.393000 0.110104 0.000895
0.394000 0.112820 0.001161
0.395000 0.115454 0.000996
0.396000 0.115867 0.001006
0.397000 0.118312 0.001172
0.398000 0.120567 0.001101
0.399000 0.124479 0.001156
0.400000 0.127430 0.001164
0.400500 0.125587 0.001154
0.401000 0.131105 0.001224
0.401500 0.131925 0.001342
0.402000 0.132751 0.001276
0.402500 0.134132 0.001228
0.403000 0.135808 0.001214
0.403500 0.137858 0.001275
0.404000 0.139762 0.001320
0.404500 0.140407 0.001412
0.405000 0.141138 0.001302
0.405500 0.145941 0.001379
0.406000 0.146016 0.001467
0.406500 0.151835 0.001549
0.407000 0.152818 0.001592
0.407500 0.156227 0.001577
0.408000 0.155534 0.001570
0.408500 0.155544 0.001527
0.409000 0.156984 0.001610
0.409500 0.158349 0.001529
0.410000 0.164247 0.001799
0.410500 0.164279 0.001714
0.411000 0.169314 0.001868
0.411500 0.171296 0.001747
0.412000 0.175454 0.002290
0.412500 0.175140 0.001901
0.413000 0.180399 0.002040
0.413500 0.187222 0.002144
0.414000 0.190365 0.001984
0.414500 0.190149 0.002126
0.415000 0.193724 0.002241
0.415500 0.198729 0.002725
0.416000 0.202133 0.002772
0.416500 0.206041 0.002527
0.417000 0.203566 0.002632
0.417500 0.210730 0.002905
0.418000 0.216138 0.002564
0.418500 0.222684 0.002693
0.419000 0.223339 0.002877
0.419500 0.231012 0.002950
0.420000 0.232152 0.002927
0.420500 0.237359 0.003488
0.421000 0.246432 0.003401
0.421500 0.248908 0.003323
0.422000 0.248371 0.003699
0.422500 0.260895 0.003772
0.423000 0.258957 0.003823
0.423500 0.271649 0.003593
0.424000 0.278019 0.003853
0.424500 0.282748 0.004156
0.425000 0.296085 0.004353
0.425500 0.294560 0.004339
0.426000 0.308293 0.004510
0.426500 0.308512 0.005468
0.427000 0.333900 0.004775
0.427500 0.335638 0.004948
0.428000 0.336053 0.004601
0.428500 0.347200 0.004664
0.429000 0.361971 0.007032
0.429500 0.371291 0.007147
0.430000 0.380345 0.007337
0.430500 0.391888 0.004455
0.431000 0.421934 0.004878
0.431500 0.415098 0.006202
0.432000 0.426291 0.005977
0.432500 0.448690 0.005899
0.433000 0.438081 0.005183
0.433500 0.445153 0.007862
0.434000 0.456630 0.007294
0.434500 0.479219 0.005902
0.435000 0.469698 0.005814
0.435500 0.486612 0.005823
0.436000 0.527356 0.005004
0.436500 0.527201 0.005748
0.437000 0.541588 0.005612
0.437500 0.562499 0.005829
0.438000 0.534287 0.007413
0.438500 0.570551 0.005202
0.439000 0.591406 0.005854
0.439500 0.574621 0.006474
0.440000 0.582703 0.005782
0.440500 0.611307 0.006136
0.441000 0.640431 0.004039
0.441500 0.634198 0.005583
0.442000 0.661553 0.003277
0.442500 0.645836 0.004801
0.443000 0.669636 0.003699
0.443500 0.680004 0.003584
0.444000 0.672671 0.004505
0.444500 0.683482 0.004940
0.445000 0.699988 0.002578
0.445500 0.701592 0.002548
0.446000 0.710326 0.003521
0.446500 0.714811 0.002364
0.447000 0.724497 0.002342
0.447500 0.726445 0.003506
0.448000 0.730091 0.002898
0.448500 0.727425 0.003037
0.449000 0.743097 0.001716
0.449500 0.742946 0.002494
0.450000 0.753728 0.001512
0.451000 0.759229 0.002162
0.452000 0.769581 0.001152
0.453000 0.774216 0.001217
0.454000 0.781739 0.002155
0.455000 0.788861 0.000910
0.456000 0.791826 0.001905
0.457000 0.799789 0.000777
0.458000 0.804865 0.000739
0.459000 0.809756 0.001076
0.460000 0.813446 0.000846
0.461000 0.819715 0.000769
0.462000 0.822119 0.000975
0.463000 0.827503 0.000675
0.464000 0.832964 0.000515
0.465000 0.835513 0.000496
0.466000 0.838995 0.000641
0.467000 0.843654 0.000398
0.468000 0.845588 0.000451
0.469000 0.849096 0.000452
0.470000 0.852196 0.000389
0.471000 0.854648 0.000498
0.472000 0.857490 0.000384
0.473000 0.860515 0.000348
0.474000 0.864123 0.000355
0.475000 0.866167 0.000320
0.476000 0.867803 0.000381
0.477000 0.871154 0.000329
0.478000 0.873534 0.000322
0.479000 0.875466 0.000299
0.480000 0.877825 0.000308
