0.340000 0.095131 0.000915
0.341000 0.096071 0.000759
0.342000 0.098038 0.000889
0.343000 0.098070 0.000729
0.344000 0.100438 0.000820
0.345000 0.100353 0.000813
0.346000 0.101234 0.000976
0.347000 0.100300 0.000838
0.348000 0.102430 0.000838
0.349000 0.103987 0.000852
0.350000 0.105291 0.000844
0.351000 0.106344 0.000848
0.352000 0.109245 0.000851
0.353000 0.107534 0.000908
0.354000 0.110588 0.000871
0.355000 0.113370 0.000848
0.356000 0.112605 0.000959
0.357000 0.112694 0.000947
0.358000 0.114340 0.000820
0.359000 0.115135 0.001070
0.360000 0.117828 0.000903
0.361000 0.116956 0.000895
0.362000 0.120469 0.001027
0.363000 0.119981 0.001059
0.364000 0.122384 0.001072
0.365000 0.123909 0.001127
0.366000 0.125495 0.000942
0.367000 0.127034 0.001139
0.368000 0.128386 0.001013
0.369000 0.130562 0.001113
0.370000 0.132524 0.000966
0.371000 0.133037 0.001083
0.372000 0.134860 0.001114
0.373000 0.136972 0.001117
0.374000 0.136836 0.001005
0.375000 0.140674 0.001350
0.376000 0.141492 0.001274
0.377000 0.142152 0.001224
0.378000 0.146790 0.001461
0.379000 0.146573 0.001315
0.380000 0.149139 0.001216
0.381000 0.152856 0.001276
0.382000 0.157254 0.001600
0.383000 0.158854 0.001311
0.384000 0.160814 0.001309
0.385000 0.161693 0.001341
0.386000 0.163913 0.001508
0.387000 0.167794 0.001304
0.388000 0.169849 0.001330
0.389000 0.170774 0.001306
0.390000 0.179282 0.001488
0.391000 0.179896 0.001476
0.392000 0.183400 0.001404
0.393000 0.186613 0.001428
0.394000 0.189315 0.001465
0.395000 0.189724 0.001817
0.396000 0.196839 0.001670
0.397000 0.200921 0.001646
0.398000 0.207043 0.001713
0.399000 0.211202 0.002046
0.400000 0.214202 0.001818
0.400500 0.217658 0.001982
0.401000 0.222776 0.001775
0.401500 0.222260 0.001620
0.402000 0.224660 0.001699
0.402500 0.227352 0.001833
0.403000 0.230540 0.002236
0.403500 0.229003 0.001739
0.404000 0.232257 0.001987
0.404500 0.238956 0.001984
0.405000 0.236954 0.001999
0.405500 0.244157 0.002298
0.406000 0.244136 0.001979
0.406500 0.248946 0.001989
0.407000 0.253665 0.002238
0.407500 0.255047 0.002451
0.408000 0.260170 0.002654
0.408500 0.266252 0.002775
0.409000 0.268276 0.002391
0.409500 0.272570 0.002277
0.410000 0.275262 0.002477
0.410500 0.279782 0.002313
0.411000 0.283509 0.002670
0.411500 0.277689 0.003097
0.412000 0.292253 0.002691
0.412500 0.294836 0.002609
0.413000 0.293506 0.002811
0.413500 0.304573 0.002694
0.414000 0.308624 0.003045
0.414500 0.310618 0.002627
0.415000 0.321711 0.002862
0.415500 0.327334 0.003164
0.416000 0.329193 0.003025
0.416500 0.335484 0.003577
0.417000 0.337193 0.003138
0.417500 0.335804 0.003216
0.418000 0.348772 0.003067
0.418500 0.350746 0.003121
0.419000 0.356046 0.003381
0.419500 0.364805 0.003573
0.420000 0.370348 0.003137
0.420500 0.380569 0.003365
0.421000 0.385131 0.003664
0.421500 0.387741 0.003803
0.422000 0.394690 0.003295
0.422500 0.395591 0.003453
0.423000 0.407141 0.003697
0.423500 0.411124 0.003402
0.424000 0.423294 0.004399
0.424500 0.429492 0.004158
0.425000 0.436119 0.003792
0.425500 0.438080 0.003661
0.426000 0.439961 0.003469
0.426500 0.463530 0.004005
0.427000 0.458230 0.004560
0.427500 0.468069 0.003916
0.428000 0.480830 0.003527
0.428500 0.477560 0.004266
0.429000 0.491137 0.003672
0.429500 0.499432 0.004025
0.430000 0.501892 0.004238
0.430500 0.512360 0.004192
0.431000 0.517953 0.005338
0.431500 0.532544 0.003715
0.432000 0.533309 0.004276
0.432500 0.539624 0.003772
0.433000 0.552289 0.004286
0.433500 0.561198 0.003924
0.434000 0.568278 0.003636
0.434500 0.574657 0.003691
0.435000 0.581963 0.003279
0.435500 0.587654 0.004245
0.436000 0.592212 0.003743
0.436500 0.604852 0.003718
0.437000 0.608122 0.003705
0.437500 0.612269 0.003495
0.438000 0.621683 0.003916
0.438500 0.631316 0.003735
0.439000 0.638142 0.003385
0.439500 0.646427 0.004450
0.440000 0.651066 0.004086
0.440500 0.663279 0.003490
0.441000 0.661783 0.004505
0.441500 0.674460 0.003292
0.442000 0.673063 0.003164
0.442500 0.683723 0.003623
0.443000 0.685383 0.003202
0.443500 0.692060 0.002826
0.444000 0.697362 0.002964
0.444500 0.700865 0.002822
0.445000 0.713378 0.003019
0.445500 0.715340 0.002621
0.446000 0.721254 0.002555
0.446500 0.724984 0.002779
0.447000 0.727993 0.002716
0.447500 0.729306 0.002561
0.448000 0.737746 0.002272
0.448500 0.738834 0.002636
0.449000 0.745872 0.002253
0.449500 0.750336 0.001952
0.450000 0.752277 0.002283
0.451000 0.759289 0.002040
0.452000 0.768802 0.001950
0.453000 0.773510 0.002037
0.454000 0.781369 0.001911
0.455000 0.785607 0.001888
0.456000 0.794384 0.001332
0.457000 0.797901 0.001617
0.458000 0.804164 0.001158
0.459000 0.810132 0.001285
0.460000 0.816547 0.000855
0.461000 0.821748 0.000827
0.462000 0.826298 0.000885
0.463000 0.826349 0.001094
0.464000 0.831025 0.001083
0.465000 0.835235 0.000869
0.466000 0.839118 0.000873
0.467000 0.843136 0.000680
0.468000 0.846151 0.000889
0.469000 0.848222 0.000632
0.470000 0.851828 0.000800
0.471000 0.856192 0.000601
0.472000 0.858896 0.000752
0.473000 0.859850 0.000647
0.474000 0.862480 0.000625
0.475000 0.865655 0.000587
0.476000 0.867308 0.000540
0.477000 0.870430 0.000493
0.478000 0.873101 0.000487
0.479000 0.874214 0.000514
0.480000 0.877784 0.000455
