0.340000 0.115969 0.000973
0.341000 0.115779 0.001068
0.342000 0.117998 0.000943
0.343000 0.118198 0.001070
0.344000 0.119314 0.000885
0.345000 0.119688 0.000936
0.346000 0.122422 0.001016
0.347000 0.122903 0.001321
0.348000 0.124860 0.001101
0.349000 0.127050 0.001027
0.350000 0.126321 0.001002
0.351000 0.126876 0.001008
0.352000 0.129775 0.001018
0.353000 0.131127 0.000975
0.354000 0.131770 0.001002
0.355000 0.134284 0.001109
0.356000 0.134793 0.001291
0.357000 0.136031 0.001062
0.358000 0.136699 0.001104
0.359000 0.138586 0.001084
0.360000 0.140678 0.001281
0.361000 0.141647 0.001143
0.362000 0.142307 0.001008
0.363000 0.145897 0.001133
0.364000 0.144976 0.001085
0.365000 0.149137 0.001153
0.366000 0.150470 0.001257
0.367000 0.152772 0.001126
0.368000 0.153619 0.001202
0.369000 0.157045 0.001242
0.370000 0.159676 0.001377
0.371000 0.162690 0.001215
0.372000 0.159614 0.001234
0.373000 0.164656 0.001317
0.374000 0.166160 0.001484
0.375000 0.167396 0.001308
0.376000 0.170632 0.001470
0.377000 0.173935 0.001289
0.378000 0.175445 0.001412
0.379000 0.177999 0.001428
0.380000 0.181462 0.001353
0.381000 0.185251 0.001427
0.382000 0.187126 0.001425
0.383000 0.189139 0.001641
0.384000 0.191820 0.001532
0.385000 0.197812 0.001490
0.386000 0.200145 0.001446
0.387000 0.202697 0.001651
0.388000 0.206527 0.001533
0.389000 0.209962 0.001532
0.390000 0.212352 0.001588
0.391000 0.214092 0.001855
0.392000 0.219912 0.002115
0.393000 0.225946 0.001703
0.394000 0.227608 0.001939
0.395000 0.232021 0.001680
0.396000 0.239275 0.001886
0.397000 0.243075 0.001787
0.398000 0.247368 0.002155
0.399000 0.252904 0.002168
0.400000 0.259525 0.002034
0.400500 0.262875 0.002003
0.401000 0.261773 0.002124
0.401500 0.265490 0.001834
0.402000 0.271996 0.002243
0.402500 0.276128 0.002119
0.403000 0.276186 0.002225
0.403500 0.276300 0.002600
0.404000 0.282725 0.002736
0.404500 0.287304 0.002283
0.405000 0.286812 0.002552
0.405500 0.295419 0.002136
0.406000 0.292888 0.002264
0.406500 0.298116 0.002530
0.407000 0.303449 0.002465
0.407500 0.308241 0.002525
0.408000 0.308042 0.002378
0.408500 0.314717 0.002448
0.409000 0.314899 0.002738
0.409500 0.324045 0.002645
0.410000 0.329333 0.002657
0.410500 0.329843 0.002596
0.411000 0.334223 0.002430
0.411500 0.336440 0.002751
0.412000 0.341322 0.002827
0.412500 0.346532 0.002760
0.413000 0.351472 0.002912
0.413500 0.353816 0.002720
0.414000 0.353956 0.002889
0.414500 0.365492 0.003407
0.415000 0.369634 0.003096
0.415500 0.372895 0.002881
0.416000 0.381135 0.003291
0.416500 0.386384 0.003191
0.417000 0.389532 0.003028
0.417500 0.398037 0.003083
0.418000 0.405371 0.002970
0.418500 0.406837 0.003102
0.419000 0.413782 0.003804
0.419500 0.416813 0.003406
0.420000 0.423852 0.003014
0.420500 0.428797 0.003139
0.421000 0.436222 0.003326
0.421500 0.439571 0.003286
0.422000 0.456092 0.003129
0.422500 0.450090 0.003623
0.423000 0.458539 0.003486
0.423500 0.461186 0.003353
0.424000 0.470435 0.003935
0.424500 0.481101 0.003240
0.425000 0.488599 0.003923
0.425500 0.491475 0.003483
0.426000 0.495965 0.003785
0.426500 0.501168 0.003817
0.427000 0.507711 0.003405
0.427500 0.513720 0.003699
0.428000 0.526513 0.003306
0.428500 0.529738 0.003675
0.429000 0.531389 0.003707
0.429500 0.539906 0.003124
0.430000 0.549578 0.003761
0.430500 0.554828 0.003677
0.431000 0.558936 0.003307
0.431500 0.570319 0.003641
0.432000 0.571415 0.004172
0.432500 0.576012 0.003923
0.433000 0.583526 0.003263
0.433500 0.589720 0.003436
0.434000 0.592403 0.003645
0.434500 0.603550 0.003259
0.435000 0.610627 0.003143
0.435500 0.612036 0.003383
0.436000 0.623414 0.003075
0.436500 0.630209 0.003349
0.437000 0.632004 0.003034
0.437500 0.636636 0.003220
0.438000 0.643103 0.003839
0.438500 0.656529 0.002663
0.439000 0.661009 0.002918
0.439500 0.661393 0.003093
0.440000 0.663219 0.002934
0.440500 0.676686 0.003604
0.441000 0.675222 0.003261
0.441500 0.684718 0.002670
0.442000 0.686714 0.002729
0.442500 0.693470 0.002819
0.443000 0.698870 0.002603
0.443500 0.705582 0.002804
0.444000 0.709252 0.002295
0.444500 0.711501 0.002640
0.445000 0.717259 0.002416
0.445500 0.722017 0.002359
0.446000 0.726877 0.002477
0.446500 0.732081 0.002228
0.447000 0.737302 0.002526
0.447500 0.739614 0.002542
0.448000 0.742600 0.002123
0.448500 0.745411 0.002331
0.449000 0.749481 0.002124
0.449500 0.753563 0.002032
0.450000 0.758274 0.002047
0.451000 0.761987 0.002124
0.452000 0.770946 0.001894
0.453000 0.774395 0.001792
0.454000 0.781897 0.001797
0.455000 0.789100 0.001885
0.456000 0.796133 0.001590
0.457000 0.801572 0.001738
0.458000 0.807518 0.001567
0.459000 0.810449 0.001337
0.460000 0.816277 0.001556
0.461000 0.819891 0.001084
0.462000 0.822763 0.001076
0.463000 0.829191 0.001197
0.464000 0.832562 0.001065
0.465000 0.835343 0.001126
0.466000 0.838966 0.001126
0.467000 0.841852 0.000892
0.468000 0.845713 0.000990
0.469000 0.849462 0.000837
0.470000 0.851834 0.000917
0.471000 0.854764 0.000745
0.472000 0.858490 0.000787
0.473000 0.860948 0.000708
0.474000 0.863196 0.000692
0.475000 0.865210 0.000731
0.476000 0.868073 0.000610
0.477000 0.871047 0.000654
0.478000 0.872615 0.000653
0.479000 0.876154 0.000627
0.480000 0.876993 0.000581
