0.340000 0.294466 0.002357
0.341000 0.295346 0.002602
0.342000 0.294576 0.002475
0.343000 0.303476 0.002422
0.344000 0.304202 0.002708
0.345000 0.302952 0.002873
0.346000 0.311690 0.002877
0.347000 0.314790 0.002798
0.348000 0.313498 0.002716
0.349000 0.320398 0.002617
0.350000 0.323896 0.002892
0.351000 0.325040 0.002734
0.352000 0.327656 0.002834
0.353000 0.332068 0.002619
0.354000 0.332850 0.002901
0.355000 0.339110 0.002935
0.356000 0.338242 0.003015
0.357000 0.341596 0.003102
0.358000 0.346830 0.003150
0.359000 0.353480 0.003349
0.360000 0.355608 0.003059
0.361000 0.354182 0.003252
0.362000 0.366294 0.003118
0.363000 0.364786 0.003044
0.364000 0.366946 0.003127
0.365000 0.368596 0.003462
0.366000 0.371996 0.003214
0.367000 0.381172 0.003345
0.368000 0.389086 0.003329
0.369000 0.385974 0.003846
0.370000 0.391386 0.003902
0.371000 0.401378 0.003699
0.372000 0.406206 0.003539
0.373000 0.402164 0.003904
0.374000 0.404190 0.003972
0.375000 0.412792 0.003570
0.376000 0.416830 0.003823
0.377000 0.423528 0.003812
0.378000 0.424778 0.003898
0.379000 0.430644 0.003880
0.380000 0.437068 0.003847
0.381000 0.436808 0.004089
0.382000 0.437350 0.004402
0.383000 0.451142 0.003776
0.384000 0.457800 0.004294
0.385000 0.459608 0.003933
0.386000 0.461044 0.004022
0.387000 0.468636 0.004542
0.388000 0.469076 0.004660
0.389000 0.484344 0.003755
0.390000 0.486410 0.004528
0.391000 0.488544 0.004235
0.392000 0.490236 0.004170
0.393000 0.497564 0.004377
0.394000 0.505930 0.004386
0.395000 0.509438 0.004505
0.396000 0.520682 0.004327
0.397000 0.522686 0.004243
0.398000 0.527184 0.004395
0.399000 0.532638 0.004441
0.400000 0.537848 0.004300
0.401000 0.547020 0.005251
0.402000 0.549464 0.005552
0.403000 0.550522 0.004455
0.404000 0.568272 0.004645
0.405000 0.558824 0.004742
0.406000 0.569700 0.004388
0.407000 0.575662 0.004763
0.408000 0.589194 0.004647
0.409000 0.591930 0.004920
0.410000 0.597760 0.004713
0.411000 0.601966 0.004535
0.412000 0.599836 0.004643
0.413000 0.610264 0.004565
0.414000 0.623788 0.004604
0.415000 0.626326 0.004561
0.416000 0.631240 0.004570
0.417000 0.634200 0.004407
0.418000 0.641934 0.004203
0.419000 0.643786 0.004700
0.420000 0.652370 0.004350
0.421000 0.656970 0.004103
0.422000 0.663302 0.004406
0.423000 0.667136 0.004759
0.424000 0.667484 0.004622
0.425000 0.674114 0.005201
0.426000 0.681092 0.004282
0.427000 0.695728 0.004279
0.428000 0.700950 0.005456
0.429000 0.697996 0.004314
0.430000 0.707516 0.004567
0.431000 0.703874 0.004937
0.432000 0.715180 0.004398
0.433000 0.714540 0.003977
0.434000 0.730476 0.003475
0.435000 0.731472 0.004150
0.436000 0.729050 0.003848
0.437000 0.734572 0.004400
0.438000 0.745888 0.004772
0.439000 0.745696 0.004013
0.440000 0.757136 0.004295
0.441000 0.761108 0.003660
0.442000 0.760538 0.003936
0.443000 0.772620 0.002950
0.444000 0.759278 0.005020
0.445000 0.773942 0.004435
0.446000 0.779510 0.003527
0.447000 0.785548 0.003575
0.448000 0.789644 0.003529
0.449000 0.785110 0.003993
0.450000 0.788876 0.003522
0.451000 0.791988 0.003354
0.452000 0.805344 0.002973
0.453000 0.807468 0.003098
0.454000 0.803286 0.003756
0.455000 0.813798 0.003411
0.456000 0.812432 0.002594
0.457000 0.823102 0.002806
0.458000 0.820350 0.002999
0.459000 0.827218 0.002622
0.460000 0.825504 0.002875
0.461000 0.835756 0.002742
0.462000 0.839754 0.002370
0.463000 0.835738 0.002817
0.464000 0.835938 0.003135
0.465000 0.842146 0.003004
0.466000 0.846466 0.002303
0.467000 0.849800 0.002606
0.468000 0.850624 0.002698
0.469000 0.854398 0.002404
0.470000 0.858576 0.002025
0.471000 0.858486 0.002062
0.472000 0.858614 0.002246
0.473000 0.865488 0.002621
0.474000 0.867368 0.002061
0.475000 0.866736 0.002295
0.476000 0.870864 0.002109
0.477000 0.869812 0.002298
0.478000 0.876178 0.001852
0.479000 0.877574 0.002147
0.480000 0.875498 0.002333
