0.340000 0.196330 0.001634
0.341000 0.195729 0.001588
0.342000 0.194859 0.001524
0.343000 0.200264 0.001456
0.344000 0.203266 0.001762
0.345000 0.204137 0.001438
0.346000 0.205605 0.001460
0.347000 0.208167 0.001515
0.348000 0.206750 0.001570
0.349000 0.212159 0.001969
0.350000 0.214228 0.001606
0.351000 0.216291 0.001739
0.352000 0.219362 0.001709
0.353000 0.218539 0.001566
0.354000 0.221937 0.002091
0.355000 0.225311 0.001990
0.356000 0.226458 0.001696
0.357000 0.231222 0.001852
0.358000 0.231932 0.001595
0.359000 0.235382 0.001694
0.360000 0.238716 0.001775
0.361000 0.237863 0.001708
0.362000 0.242655 0.001722
0.363000 0.246289 0.001703
0.364000 0.248413 0.001911
0.365000 0.252856 0.001660
0.366000 0.254484 0.001845
0.367000 0.254611 0.002143
0.368000 0.262926 0.002095
0.369000 0.260412 0.002006
0.370000 0.265732 0.001810
0.371000 0.268294 0.001910
0.372000 0.272783 0.001916
0.373000 0.277710 0.002303
0.374000 0.276492 0.002129
0.375000 0.282672 0.002299
0.376000 0.288113 0.002314
0.377000 0.293065 0.002025
0.378000 0.294450 0.002002
0.379000 0.299906 0.002127
0.380000 0.303396 0.002480
0.381000 0.311766 0.002211
0.382000 0.311381 0.002139
0.383000 0.317172 0.002225
0.384000 0.319697 0.002486
0.385000 0.328398 0.002187
0.386000 0.328717 0.002221
0.387000 0.333177 0.002691
0.388000 0.341450 0.002047
0.389000 0.347911 0.002112
0.390000 0.351036 0.002350
0.391000 0.355217 0.002525
0.392000 0.362073 0.002755
0.393000 0.366964 0.002250
0.394000 0.375847 0.002214
0.395000 0.376484 0.002412
0.396000 0.384108 0.002617
0.397000 0.391476 0.003041
0.398000 0.397527 0.002665
0.399000 0.401276 0.002531
0.400000 0.407771 0.002432
0.400500 0.415936 0.002866
0.401000 0.419136 0.002728
0.401500 0.417204 0.002315
0.402000 0.423252 0.002737
0.402500 0.431486 0.002438
0.403000 0.430824 0.002339
0.403500 0.436898 0.002525
0.404000 0.438349 0.002867
0.404500 0.438449 0.002973
0.405000 0.446999 0.002622
0.405500 0.446884 0.002577
0.406000 0.452125 0.002652
0.406500 0.454693 0.002686
0.407000 0.458326 0.002741
0.407500 0.464920 0.002527
0.408000 0.469281 0.002760
0.408500 0.464369 0.002730
0.409000 0.475329 0.002995
0.409500 0.476284 0.002504
0.410000 0.483694 0.003023
0.410500 0.487255 0.002737
0.411000 0.490337 0.002366
0.411500 0.493496 0.002850
0.412000 0.494159 0.002894
0.412500 0.500635 0.003105
0.413000 0.505932 0.002747
0.413500 0.511641 0.002980
0.414000 0.517027 0.002925
0.414500 0.516566 0.002697
0.415000 0.524170 0.002436
0.415500 0.521140 0.002740
0.416000 0.526323 0.002964
0.416500 0.535787 0.002542
0.417000 0.537202 0.002500
0.417500 0.540742 0.002535
0.418000 0.546615 0.002617
0.418500 0.549385 0.003081
0.419000 0.549836 0.002578
0.419500 0.558479 0.002446
0.420000 0.563706 0.003128
0.420500 0.565449 0.003029
0.421000 0.572699 0.002573
0.421500 0.577050 0.002583
0.422000 0.579738 0.002927
0.422500 0.580130 0.002915
0.423000 0.587596 0.002497
0.423500 0.585260 0.003022
0.424000 0.592636 0.002614
0.424500 0.594456 0.002406
0.425000 0.601762 0.002706
0.425500 0.604977 0.002532
0.426000 0.604064 0.003659
0.426500 0.615675 0.002442
0.427000 0.620012 0.002800
0.427500 0.623578 0.002676
0.428000 0.625004 0.002572
0.428500 0.627976 0.002764
0.429000 0.636993 0.002621
0.429500 0.638505 0.002387
0.430000 0.646153 0.002568
0.430500 0.641282 0.002412
0.431000 0.648718 0.002968
0.431500 0.653484 0.002566
0.432000 0.655953 0.002660
0.432500 0.658886 0.002393
0.433000 0.664773 0.002464
0.433500 0.669586 0.002583
0.434000 0.673124 0.002582
0.434500 0.677476 0.003208
0.435000 0.678278 0.002353
0.435500 0.685469 0.002341
0.436000 0.688536 0.002516
0.436500 0.689880 0.002175
0.437000 0.692541 0.002389
0.437500 0.698508 0.002155
0.438000 0.701486 0.002240
0.438500 0.707547 0.002416
0.439000 0.712044 0.002185
0.439500 0.711943 0.002846
0.440000 0.715559 0.002368
0.440500 0.717759 0.002480
0.441000 0.722724 0.002273
0.441500 0.723475 0.002165
0.442000 0.727836 0.002103
0.442500 0.734818 0.002607
0.443000 0.728644 0.002207
0.443500 0.736235 0.002119
0.444000 0.743291 0.002085
0.444500 0.745230 0.001832
0.445000 0.748426 0.002278
0.445500 0.750181 0.002166
0.446000 0.751984 0.002047
0.446500 0.754336 0.002297
0.447000 0.760060 0.002136
0.447500 0.761754 0.002119
0.448000 0.763278 0.001983
0.448500 0.767167 0.001768
0.449000 0.766330 0.001969
0.449500 0.770513 0.001899
0.450000 0.769044 0.002071
0.451000 0.780125 0.001535
0.452000 0.785416 0.001712
0.453000 0.792102 0.001684
0.454000 0.793051 0.002047
0.455000 0.797179 0.001654
0.456000 0.803556 0.001522
0.457000 0.807090 0.001493
0.458000 0.810934 0.001615
0.459000 0.815934 0.001472
0.460000 0.819752 0.001487
0.461000 0.821176 0.001412
0.462000 0.826060 0.001566
0.463000 0.830680 0.001701
0.464000 0.835503 0.001336
0.465000 0.835980 0.001635
0.466000 0.840530 0.001248
0.467000 0.844077 0.001126
0.468000 0.848021 0.001125
0.469000 0.848892 0.001349
0.470000 0.852623 0.001239
0.471000 0.856252 0.001143
0.472000 0.859624 0.001119
0.473000 0.861977 0.001118
0.474000 0.863822 0.001081
0.475000 0.866843 0.001052
0.476000 0.868813 0.001014
0.477000 0.872235 0.000937
0.478000 0.873296 0.001083
0.479000 0.875476 0.001300
0.480000 0.878649 0.000948
