0.340000 0.064246 0.000497
0.341000 0.064377 0.000545
0.342000 0.065087 0.000654
0.343000 0.065696 0.000513
0.344000 0.066071 0.000554
0.345000 0.066848 0.000524
0.346000 0.066121 0.000518
0.347000 0.068243 0.000581
0.348000 0.068214 0.000630
0.349000 0.068666 0.000573
0.350000 0.070527 0.000636
0.351000 0.071096 0.000530
0.352000 0.070609 0.000535
0.353000 0.071949 0.000587
0.354000 0.072285 0.000551
0.355000 0.073201 0.000542
0.356000 0.074331 0.000646
0.357000 0.074577 0.000553
0.358000 0.076640 0.000589
0.359000 0.076479 0.000641
0.360000 0.078766 0.000613
0.361000 0.077792 0.000653
0.362000 0.079975 0.000689
0.363000 0.080654 0.000739
0.364000 0.080921 0.000837
0.365000 0.082099 0.000608
0.366000 0.082820 0.000668
0.367000 0.083577 0.000773
0.368000 0.085983 0.000771
0.369000 0.086253 0.000729
0.370000 0.087296 0.000688
0.371000 0.087595 0.000798
0.372000 0.089609 0.000754
0.373000 0.090680 0.000730
0.374000 0.091751 0.000731
0.375000 0.092482 0.000743
0.376000 0.094212 0.000759
0.377000 0.096556 0.000887
0.378000 0.096858 0.000805
0.379000 0.097540 0.000820
0.380000 0.099247 0.000871
0.381000 0.099786 0.000747
0.382000 0.103786 0.000850
0.383000 0.104907 0.000876
0.384000 0.105883 0.000913
0.385000 0.107664 0.000943
0.386000 0.109051 0.000796
0.387000 0.111285 0.001089
0.388000 0.112053 0.000864
0.389000 0.113898 0.000910
0.390000 0.117830 0.001076
0.391000 0.117925 0.001021
0.392000 0.118251 0.001015
0.393000 0.123689 0.001055
0.394000 0.125120 0.001066
0.395000 0.127841 0.001133
0.396000 0.128974 0.001213
0.397000 0.134507 0.001301
0.398000 0.136121 0.001078
0.399000 0.140098 0.001407
0.400000 0.142817 0.001310
0.400500 0.146009 0.001426
0.401000 0.145141 0.001269
0.401500 0.147211 0.001448
0.402000 0.149041 0.001263
0.402500 0.149292 0.001218
0.403000 0.152904 0.001446
0.403500 0.153362 0.001300
0.404000 0.156505 0.001625
0.404500 0.158005 0.001513
0.405000 0.156230 0.001435
0.405500 0.165293 0.001707
0.406000 0.165115 0.001551
0.406500 0.164449 0.001610
0.407000 0.169059 0.001676
0.407500 0.170765 0.001556
0.408000 0.171884 0.001753
0.408500 0.176702 0.002012
0.409000 0.175902 0.001737
0.409500 0.181812 0.001922
0.410000 0.181246 0.001769
0.410500 0.184230 0.002069
0.411000 0.190890 0.002218
0.411500 0.193455 0.002340
0.412000 0.196834 0.002229
0.412500 0.192901 0.001968
0.413000 0.198650 0.002345
0.413500 0.205304 0.002522
0.414000 0.207761 0.002519
0.414500 0.210893 0.002442
0.415000 0.213696 0.002307
0.415500 0.221413 0.002780
0.416000 0.222727 0.002678
0.416500 0.227698 0.002730
0.417000 0.234671 0.003252
0.417500 0.231870 0.002676
0.418000 0.240488 0.002924
0.418500 0.242715 0.002934
0.419000 0.251239 0.003103
0.419500 0.251314 0.003237
0.420000 0.258358 0.003080
0.420500 0.266202 0.003192
0.421000 0.266771 0.002951
0.421500 0.277131 0.003217
0.422000 0.284316 0.003278
0.422500 0.280292 0.003798
0.423000 0.293068 0.003758
0.423500 0.302211 0.003869
0.424000 0.306934 0.003778
0.424500 0.308025 0.004474
0.425000 0.314754 0.003925
0.425500 0.327894 0.004924
0.426000 0.336709 0.004020
0.426500 0.340380 0.005003
0.427000 0.346316 0.004409
0.427500 0.355442 0.004913
0.428000 0.375129 0.005536
0.428500 0.377673 0.005656
0.429000 0.377203 0.005087
0.429500 0.399389 0.005038
0.430000 0.395601 0.004768
0.430500 0.415688 0.005174
0.431000 0.422273 0.008048
0.431500 0.427989 0.005139
0.432000 0.449651 0.005306
0.432500 0.450818 0.005636
0.433000 0.468327 0.007608
0.433500 0.473393 0.006095
0.434000 0.493887 0.005022
0.434500 0.512909 0.005315
0.435000 0.523693 0.006098
0.435500 0.523421 0.004944
0.436000 0.530652 0.005036
0.436500 0.529011 0.005255
0.437000 0.562910 0.005002
0.437500 0.572668 0.005053
0.438000 0.576963 0.005163
0.438500 0.598939 0.005967
0.439000 0.588080 0.005628
0.439500 0.596122 0.004798
0.440000 0.607544 0.005545
0.440500 0.620076 0.004066
0.441000 0.629327 0.004560
0.441500 0.649354 0.005027
0.442000 0.646944 0.004474
0.442500 0.650623 0.004497
0.443000 0.671741 0.003693
0.443500 0.669015 0.004766
0.444000 0.683208 0.004103
0.444500 0.681139 0.003736
0.445000 0.686789 0.004548
0.445500 0.699715 0.003830
0.446000 0.697333 0.004967
0.446500 0.710742 0.003453
0.447000 0.718015 0.003151
0.447500 0.731530 0.001998
0.448000 0.725475 0.003749
0.448500 0.746321 0.001752
0.449000 0.748881 0.001936
0.449500 0.748174 0.002086
0.450000 0.746332 0.002601
0.451000 0.758785 0.002602
0.452000 0.768889 0.001358
0.453000 0.775233 0.001935
0.454000 0.777677 0.001851
0.455000 0.790983 0.000905
0.456000 0.792719 0.000887
0.457000 0.800145 0.000964
0.458000 0.804406 0.000890
0.459000 0.809514 0.000999
0.460000 0.814902 0.001063
0.461000 0.818546 0.000601
0.462000 0.823114 0.000563
0.463000 0.826672 0.000733
0.464000 0.831241 0.000643
0.465000 0.833766 0.000682
0.466000 0.838273 0.000591
0.467000 0.841469 0.000537
0.468000 0.844429 0.000632
0.469000 0.848139 0.000475
0.470000 0.850860 0.000501
0.471000 0.854161 0.000529
0.472000 0.857445 0.000431
0.473000 0.860868 0.000351
0.474000 0.863475 0.000369
0.475000 0.866092 0.000430
0.476000 0.868425 0.000367
0.477000 0.870842 0.000279
0.478000 0.872043 0.000349
0.479000 0.874984 0.000430
0.480000 0.877409 0.000296
