0.340000 0.082706 0.000676
0.341000 0.083566 0.000674
0.342000 0.085128 0.000665
0.343000 0.083710 0.000656
0.344000 0.085078 0.000658
0.345000 0.085092 0.000696
0.346000 0.087599 0.000677
0.347000 0.087185 0.000696
0.348000 0.089253 0.000878
0.349000 0.088973 0.000712
0.350000 0.090446 0.000708
0.351000 0.091499 0.000703
0.352000 0.093289 0.000783
0.353000 0.091949 0.000750
0.354000 0.091937 0.000856
0.355000 0.094078 0.000819
0.356000 0.095711 0.000735
0.357000 0.095520 0.000755
0.358000 0.098425 0.000750
0.359000 0.098824 0.000743
0.360000 0.099917 0.000846
0.361000 0.100706 0.000819
0.362000 0.103078 0.000748
0.363000 0.104699 0.000826
0.364000 0.103863 0.000826
0.365000 0.105410 0.000973
0.366000 0.106567 0.001103
0.367000 0.107519 0.000862
0.368000 0.110699 0.000863
0.369000 0.112659 0.000773
0.370000 0.112305 0.001132
0.371000 0.113903 0.000878
0.372000 0.115977 0.000896
0.373000 0.117290 0.001094
0.374000 0.116187 0.001011
0.375000 0.121262 0.001016
0.376000 0.119393 0.000898
0.377000 0.124324 0.001073
0.378000 0.125292 0.000987
0.379000 0.125719 0.001033
0.380000 0.126895 0.000996
0.381000 0.129845 0.001290
0.382000 0.132234 0.001056
0.383000 0.134750 0.001304
0.384000 0.136119 0.001048
0.385000 0.138363 0.001116
0.386000 0.141782 0.001161
0.387000 0.143691 0.001168
0.388000 0.145528 0.001178
0.389000 0.148686 0.001172
0.390000 0.150522 0.001204
0.391000 0.153468 0.001429
0.392000 0.158355 0.001429
0.393000 0.160592 0.001203
0.394000 0.161782 0.001309
0.395000 0.162890 0.001399
0.396000 0.169250 0.001401
0.397000 0.171254 0.001466
0.398000 0.178919 0.001418
0.399000 0.178114 0.001541
0.400000 0.183743 0.001873
0.400500 0.187144 0.001505
0.401000 0.187943 0.001499
0.401500 0.190485 0.002014
0.402000 0.191951 0.001718
0.402500 0.190223 0.001594
0.403000 0.196653 0.002013
0.403500 0.199112 0.001969
0.404000 0.201390 0.001687
0.404500 0.203804 0.001816
0.405000 0.204565 0.002117
0.405500 0.207861 0.001880
0.406000 0.211688 0.001811
0.406500 0.216944 0.002032
0.407000 0.218471 0.002218
0.407500 0.220490 0.002230
0.408000 0.226083 0.002133
0.408500 0.225027 0.002096
0.409000 0.228598 0.002302
0.409500 0.230729 0.002028
0.410000 0.234079 0.002536
0.410500 0.240647 0.002172
0.411000 0.244415 0.002339
0.411500 0.248377 0.002508
0.412000 0.249024 0.002514
0.412500 0.251077 0.002590
0.413000 0.264221 0.002770
0.413500 0.263906 0.002917
0.414000 0.263780 0.002520
0.414500 0.269368 0.002442
0.415000 0.271417 0.003001
0.415500 0.278320 0.002773
0.416000 0.282477 0.002819
0.416500 0.281547 0.002876
0.417000 0.290364 0.003028
0.417500 0.300574 0.003211
0.418000 0.305012 0.002975
0.418500 0.304474 0.003164
0.419000 0.313223 0.003328
0.419500 0.317678 0.003378
0.420000 0.321897 0.003710
0.420500 0.327469 0.003200
0.421000 0.337662 0.003331
0.421500 0.342893 0.003322
0.422000 0.349266 0.003847
0.422500 0.359559 0.004212
0.423000 0.361456 0.003816
0.423500 0.361293 0.003861
0.424000 0.368547 0.003861
0.424500 0.383884 0.003642
0.425000 0.388916 0.003836
0.425500 0.397057 0.004430
0.426000 0.398256 0.004725
0.426500 0.417709 0.004424
0.427000 0.419911 0.003843
0.427500 0.421855 0.004895
0.428000 0.446701 0.003818
0.428500 0.451869 0.004334
0.429000 0.448414 0.004142
0.429500 0.451289 0.003705
0.430000 0.467252 0.004205
0.430500 0.470295 0.004612
0.431000 0.479111 0.004999
0.431500 0.480716 0.005282
0.432000 0.515424 0.004263
0.432500 0.510719 0.004961
0.433000 0.518227 0.005451
0.433500 0.530836 0.005986
0.434000 0.546222 0.004259
0.434500 0.552220 0.003712
0.435000 0.555252 0.004858
0.435500 0.572296 0.003871
0.436000 0.568470 0.004390
0.436500 0.581114 0.004222
0.437000 0.589702 0.004657
0.437500 0.591448 0.004256
0.438000 0.609150 0.004405
0.438500 0.615799 0.004566
0.439000 0.627932 0.003754
0.439500 0.619813 0.003650
0.440000 0.632539 0.003814
0.440500 0.641639 0.004106
0.441000 0.655801 0.003301
0.441500 0.653006 0.003801
0.442000 0.662682 0.005020
0.442500 0.668935 0.003648
0.443000 0.678466 0.003697
0.443500 0.680370 0.002940
0.444000 0.692237 0.003076
0.444500 0.697155 0.002959
0.445000 0.695406 0.003329
0.445500 0.705630 0.003141
0.446000 0.712196 0.002496
0.446500 0.718758 0.003414
0.447000 0.725414 0.003107
0.447500 0.731219 0.002675
0.448000 0.738393 0.002710
0.448500 0.736630 0.002539
0.449000 0.739873 0.002731
0.449500 0.748490 0.002315
0.450000 0.750220 0.002214
0.451000 0.755109 0.002544
0.452000 0.762336 0.002234
0.453000 0.776862 0.001330
0.454000 0.779736 0.002352
0.455000 0.788516 0.001351
0.456000 0.793396 0.001275
0.457000 0.797102 0.001372
0.458000 0.803379 0.001259
0.459000 0.810866 0.001016
0.460000 0.816094 0.000973
0.461000 0.817439 0.001258
0.462000 0.824264 0.000822
0.463000 0.825568 0.001237
0.464000 0.831982 0.000698
0.465000 0.835628 0.000657
0.466000 0.838529 0.000841
0.467000 0.842981 0.000552
0.468000 0.845244 0.000714
0.469000 0.850492 0.000560
0.470000 0.852651 0.000573
0.471000 0.854857 0.000613
0.472000 0.857192 0.000623
0.473000 0.861087 0.000572
0.474000 0.862285 0.000560
0.475000 0.865156 0.000618
0.476000 0.868504 0.000528
0.477000 0.870706 0.000431
0.478000 0.872207 0.000408
0.479000 0.876296 0.000458
0.480000 0.877624 0.000469
