0.340000 -0.000533 0.001541
0.341000 -0.000236 0.001280
0.342000 -0.002182 0.001308
0.343000 0.001118 0.001226
0.344000 -0.001034 0.001376
0.345000 -0.000056 0.001346
0.346000 0.001910 0.001424
0.347000 0.000404 0.001464
0.348000 0.000745 0.001388
0.349000 0.001211 0.001500
0.350000 0.001119 0.001500
0.351000 0.002767 0.001470
0.352000 0.000300 0.001404
0.353000 0.001419 0.001483
0.354000 0.000654 0.001676
0.355000 -0.000946 0.001600
0.356000 0.000656 0.001854
0.357000 -0.000840 0.001373
0.358000 0.002199 0.001594
0.359000 -0.000393 0.001592
0.360000 -0.000121 0.001744
0.361000 -0.001061 0.001610
0.362000 0.002259 0.001625
0.363000 -0.000664 0.001706
0.364000 0.001574 0.001498
0.365000 0.000412 0.001873
0.366000 0.000918 0.002048
0.367000 0.001312 0.001774
0.368000 0.000232 0.001732
0.369000 0.002280 0.002239
0.370000 0.003339 0.002107
0.371000 0.001352 0.002023
0.372000 -0.000113 0.001975
0.373000 0.003596 0.001868
0.374000 0.000985 0.001839
0.375000 0.000390 0.002131
0.376000 -0.000466 0.002196
0.377000 -0.000669 0.002029
0.378000 -0.001415 0.002509
0.379000 -0.001849 0.002172
0.380000 -0.003246 0.002523
0.381000 0.002791 0.002416
0.382000 0.001303 0.002198
0.383000 -0.000190 0.002508
0.384000 -0.000859 0.002727
0.385000 -0.000419 0.002433
0.386000 0.000651 0.002805
0.387000 -0.000232 0.003007
0.388000 -0.000930 0.002586
0.389000 0.000960 0.002791
0.390000 0.001708 0.003017
0.391000 0.001869 0.002895
0.392000 0.002283 0.003179
0.393000 -0.001451 0.003174
0.394000 -0.003349 0.003305
0.395000 -0.006076 0.003877
0.396000 0.001160 0.003525
0.397000 0.001773 0.003652
0.398000 -0.002400 0.004181
0.399000 0.003751 0.005693
0.400000 0.006367 0.004720
0.400500 -0.001935 0.004379
0.401000 -0.001892 0.004607
0.401500 0.001441 0.004162
0.402000 0.003385 0.004218
0.402500 0.000713 0.004264
0.403000 -0.001096 0.005018
0.403500 0.003632 0.005509
0.404000 0.001299 0.005121
0.404500 -0.001203 0.005248
0.405000 0.009630 0.005216
0.405500 0.004794 0.006583
0.406000 0.003340 0.005603
0.406500 0.006325 0.006100
0.407000 0.006649 0.005567
0.407500 0.001601 0.005770
0.408000 0.004809 0.006954
0.408500 0.010566 0.006671
0.409000 -0.011820 0.006886
0.409500 0.008006 0.008214
0.410000 0.010656 0.006993
0.410500 -0.001623 0.007681
0.411000 0.002937 0.007945
0.411500 0.012652 0.006830
0.412000 -0.010236 0.007567
0.412500 -0.000911 0.007321
0.413000 -0.006306 0.009537
0.413500 0.008269 0.008860
0.414000 -0.018740 0.008619
0.414500 -0.003456 0.010489
0.415000 0.000431 0.009615
0.415500 0.006458 0.010781
0.416000 -0.000781 0.009153
0.416500 -0.010359 0.010845
0.417000 0.011938 0.010867
0.417500 0.009686 0.011088
0.418000 0.013366 0.011435
0.418500 -0.005871 0.011565
0.419000 0.007354 0.010268
0.419500 -0.020899 0.012453
0.420000 0.010021 0.015323
0.420500 -0.011867 0.012733
0.421000 -0.011409 0.012713
0.421500 0.020504 0.015927
0.422000 -0.011050 0.020533
0.422500 0.003820 0.016142
0.423000 0.002785 0.015116
0.423500 0.012844 0.014614
0.424000 -0.016340 0.016877
0.424500 0.002497 0.017701
0.425000 0.032438 0.019624
0.425500 0.002076 0.019073
0.426000 -0.037707 0.018484
0.426500 0.011489 0.027187
0.427000 -0.002695 0.021725
0.427500 0.036441 0.024261
0.428000 0.038469 0.020202
0.428500 0.016315 0.023643
0.429000 0.008563 0.026635
0.429500 0.008642 0.023559
0.430000 0.050332 0.025211
0.430500 0.002174 0.025025
0.431000 -0.026487 0.026063
0.431500 -0.013584 0.024567
0.432000 0.050698 0.032879
0.432500 0.026052 0.032036
0.433000 0.006130 0.043923
0.433500 -0.029323 0.033658
0.434000 -0.002694 0.035857
0.434500 0.046131 0.041255
0.435000 -0.057768 0.030575
0.435500 0.019421 0.047003
0.436000 -0.014486 0.050503
0.436500 -0.030870 0.042691
0.437000 0.001012 0.050041
0.437500 -0.013547 0.043972
0.438000 -0.057352 0.052167
0.438500 0.064017 0.041839
0.439000 0.064322 0.058372
0.439500 -0.035338 0.067595
0.440000 -0.041251 0.057306
0.440500 -0.103743 0.063635
0.441000 -0.030593 0.052894
0.441500 0.086584 0.081026
0.442000 0.071966 0.085647
0.442500 0.067627 0.077605
0.443000 0.026782 0.072507
0.443500 -0.044725 0.070591
0.444000 -0.075427 0.064856
0.444500 -0.089530 0.065221
0.445000 0.033815 0.105848
0.445500 -0.070461 0.107189
0.446000 0.031975 0.091951
0.446500 0.180836 0.090389
0.447000 -0.083840 0.091465
0.447500 0.158272 0.113697
0.448000 0.106996 0.108601
0.448500 -0.098700 0.118322
0.449000 0.077010 0.147005
0.449500 0.189814 0.114370
0.450000 0.039910 0.139367
0.451000 -0.140157 0.134601
0.452000 -0.239540 0.125783
0.453000 -0.032736 0.157239
0.454000 0.249881 0.143228
0.455000 0.066579 0.177483
0.456000 -0.369734 0.156633
0.457000 -0.398699 0.163906
0.458000 -0.006843 0.177262
0.459000 0.360030 0.159886
0.460000 0.671606 0.108360
0.461000 0.821748 0.000834
0.462000 -0.042195 0.206890
0.463000 -0.151870 0.214015
0.464000 -0.831004 0.001150
0.465000 -0.118118 0.214774
0.466000 0.839118 0.000845
0.467000 0.843136 0.000733
0.468000 0.846151 0.000868
0.469000 0.848211 0.000649
0.470000 -0.326566 0.215008
0.471000 0.506012 0.141165
0.472000 -0.858896 0.000757
0.473000 0.507612 0.151730
0.474000 0.158165 0.214487
0.475000 0.865655 0.000597
0.476000 0.867308 0.000497
0.477000 0.870430 0.000478
0.478000 0.873101 0.000519
0.479000 -0.250837 0.233778
0.480000 -0.877784 0.000469
