0.350000 0.000167 0.000379
0.360000 0.000311 0.000469
0.370000 0.000469 0.000504
0.380000 -0.000327 0.000748
0.390000 0.001443 0.000780
0.400000 0.000892 0.001250
0.401000 -0.000929 0.001268
0.402000 0.000616 0.001347
0.403000 0.001488 0.001482
0.404000 0.003238 0.001419
0.405000 0.002397 0.001619
0.406000 -0.000065 0.001685
0.407000 -0.004552 0.001727
0.408000 0.000812 0.001778
0.409000 -0.000392 0.002124
0.410000 0.001255 0.002169
0.411000 0.000009 0.002056
0.412000 0.001159 0.002413
0.413000 -0.001813 0.002639
0.414000 -0.001338 0.002802
0.415000 -0.002523 0.002967
0.416000 0.002566 0.003455
0.417000 -0.002422 0.003720
0.418000 0.005704 0.004031
0.419000 0.002585 0.003926
0.420000 -0.003106 0.004292
0.421000 0.000788 0.005322
0.422000 0.005030 0.005569
0.423000 -0.005192 0.006444
0.424000 -0.000161 0.007222
0.425000 0.000123 0.007655
0.426000 -0.003459 0.007314
0.427000 0.000745 0.009707
0.428000 0.006808 0.010256
0.429000 -0.022963 0.010564
0.430000 0.000771 0.010690
0.430500 0.052590 0.008615
0.431000 0.002994 0.012061
0.431500 -0.000859 0.011905
0.432000 0.031799 0.010419
0.432500 0.085678 0.013093
0.433000 0.002517 0.014410
0.433500 0.001411 0.021028
0.434000 0.118631 0.011323
0.434500 -0.063797 0.011761
0.435000 0.060591 0.019326
0.435500 0.109363 0.024859
0.436000 0.002402 0.025563
0.436500 -0.000591 0.021602
0.437000 0.111217 0.028167
0.437500 -0.187082 0.018332
0.438000 0.068410 0.023506
0.438500 0.029347 0.028626
0.439000 0.003385 0.034767
0.439500 -0.000426 0.026706
0.440000 0.335670 0.021200
0.440500 0.001760 0.042153
0.441000 -0.294922 0.033977
0.441500 0.003600 0.047493
0.442000 0.002091 0.043059
0.442500 0.002964 0.060035
0.443000 0.003861 0.081371
0.443500 -0.003969 0.071468
0.444000 -0.672650 0.001523
0.444500 -0.668350 0.001616
0.445000 -0.003763 0.075135
0.445500 -0.706168 0.000706
0.446000 -0.709723 0.001096
0.446500 -0.704964 0.002033
0.447000 -0.723093 0.000795
0.447500 -0.728493 0.000789
0.448000 0.733883 0.000614
0.448500 -0.727691 0.001512
0.449000 -0.738066 0.000761
0.449500 -0.004325 0.091040
0.450000 -0.022852 0.112478
0.450500 0.748879 0.000905
0.460000 -0.812729 0.000342
0.470000 -0.852618 0.000182
0.480000 -0.877638 0.000138
0.400500 0.000778 0.001170
0.401500 0.000283 0.001338
0.402500 0.000800 0.001393
0.403500 -0.000000 0.001409
0.404500 0.000045 0.001497
0.405500 0.000714 0.001633
0.406500 0.001640 0.001713
0.407500 -0.001311 0.001862
0.408500 -0.000606 0.001761
0.409500 -0.002967 0.002020
0.410500 0.001109 0.002393
0.411500 -0.000953 0.002178
0.412500 -0.000260 0.002492
0.413500 0.000864 0.002891
0.414500 -0.001748 0.002957
0.415500 -0.000582 0.003059
0.416500 0.001135 0.003234
0.417500 -0.001837 0.003669
0.418500 -0.001684 0.004131
0.419500 0.005098 0.005564
0.420500 0.000893 0.005449
0.421500 -0.005071 0.004455
0.422500 -0.002767 0.006479
0.423500 0.003954 0.006029
0.424500 0.001499 0.007031
0.425500 0.006404 0.007141
0.426500 -0.001932 0.008750
0.427500 -0.001663 0.010733
0.428500 0.030684 0.010143
0.429500 0.025274 0.012719
