0.340000 -0.000737 0.001171
0.341000 -0.000771 0.001046
0.342000 -0.000178 0.001080
0.343000 -0.000653 0.001224
0.344000 0.000064 0.001227
0.345000 0.001290 0.001170
0.346000 0.001541 0.001130
0.347000 -0.000525 0.001337
0.348000 0.001338 0.001109
0.349000 0.000782 0.001315
0.350000 0.002400 0.001359
0.351000 0.000385 0.001103
0.352000 -0.001046 0.001428
0.353000 0.000976 0.001313
0.354000 -0.001430 0.001459
0.355000 0.000201 0.001400
0.356000 -0.000840 0.001250
0.357000 -0.001222 0.001389
0.358000 -0.000022 0.001503
0.359000 -0.002465 0.001378
0.360000 -0.002085 0.001403
0.361000 -0.002301 0.001487
0.362000 -0.001793 0.001568
0.363000 -0.000889 0.001425
0.364000 0.001937 0.001433
0.365000 0.002282 0.001511
0.366000 -0.001843 0.001476
0.367000 0.002092 0.001676
0.368000 -0.000964 0.001673
0.369000 -0.003720 0.001634
0.370000 -0.000960 0.001628
0.371000 -0.000428 0.001514
0.372000 0.001256 0.001689
0.373000 0.000796 0.001470
0.374000 0.000866 0.001701
0.375000 -0.002649 0.001636
0.376000 0.002221 0.001620
0.377000 -0.000687 0.001937
0.378000 0.000979 0.001741
0.379000 0.000818 0.001684
0.380000 0.000486 0.001840
0.381000 -0.000818 0.002069
0.382000 -0.001004 0.002329
0.383000 -0.000770 0.002182
0.384000 0.001360 0.002749
0.385000 0.001082 0.002094
0.386000 0.002474 0.002513
0.387000 -0.003055 0.002287
0.388000 0.000899 0.002163
0.389000 -0.001994 0.002733
0.390000 0.002137 0.002403
0.391000 -0.000033 0.002483
0.392000 0.000315 0.002741
0.393000 -0.002839 0.002959
0.394000 -0.000953 0.002742
0.395000 -0.001571 0.003379
0.396000 0.004206 0.002689
0.397000 0.001621 0.003231
0.398000 0.002148 0.003634
0.399000 0.001201 0.003376
0.400000 0.000962 0.004094
0.400500 -0.005149 0.003870
0.401000 0.000272 0.003904
0.401500 -0.006984 0.004128
0.402000 -0.007585 0.004336
0.402500 0.002129 0.003736
0.403000 0.000488 0.004332
0.403500 -0.001720 0.004417
0.404000 0.002120 0.005151
0.404500 -0.008553 0.004516
0.405000 -0.007240 0.004316
0.405500 -0.006229 0.005113
0.406000 -0.007785 0.005478
0.406500 0.002154 0.004621
0.407000 0.002448 0.004903
0.407500 -0.003176 0.005324
0.408000 0.001860 0.005537
0.408500 0.005975 0.005496
0.409000 0.002259 0.006044
0.409500 0.005727 0.006444
0.410000 0.002743 0.006056
0.410500 -0.006167 0.005468
0.411000 0.000895 0.006100
0.411500 0.004045 0.007158
0.412000 0.006488 0.006793
0.412500 0.003307 0.007099
0.413000 -0.004698 0.007023
0.413500 -0.000652 0.009788
0.414000 0.020549 0.008554
0.414500 0.002410 0.008176
0.415000 0.002008 0.008282
0.415500 -0.005064 0.011333
0.416000 -0.009572 0.009052
0.416500 -0.003158 0.009411
0.417000 -0.001200 0.009086
0.417500 -0.003034 0.011907
0.418000 0.011439 0.010537
0.418500 0.005797 0.011550
0.419000 0.011879 0.010864
0.419500 -0.002950 0.010899
0.420000 0.009567 0.011146
0.420500 -0.004781 0.011068
0.421000 0.000297 0.019202
0.421500 -0.005968 0.013396
0.422000 0.009919 0.014202
0.422500 -0.020245 0.014747
0.423000 0.005943 0.019126
0.423500 0.015136 0.015826
0.424000 0.001004 0.013563
0.424500 -0.015310 0.015716
0.425000 -0.003423 0.021095
0.425500 -0.005600 0.016268
0.426000 0.018770 0.023463
0.426500 -0.003260 0.020088
0.427000 0.008298 0.017526
0.427500 0.001095 0.028083
0.428000 -0.019651 0.023075
0.428500 -0.008762 0.024719
0.429000 -0.031616 0.020228
0.429500 0.014254 0.023500
0.430000 -0.008903 0.038176
0.430500 0.005609 0.030950
0.431000 -0.002662 0.027215
0.431500 -0.002529 0.034330
0.432000 -0.025553 0.034043
0.432500 -0.035961 0.040170
0.433000 0.004031 0.039387
0.433500 0.056515 0.042635
0.434000 -0.025961 0.044528
0.434500 0.010790 0.038131
0.435000 -0.024432 0.046175
0.435500 -0.021361 0.051596
0.436000 -0.019811 0.042468
0.436500 -0.014223 0.107999
0.437000 -0.010791 0.046068
0.437500 -0.024506 0.048768
0.438000 -0.014086 0.064517
0.438500 0.076344 0.052318
0.439000 -0.016210 0.063104
0.439500 0.039379 0.054274
0.440000 -0.172352 0.062292
0.440500 0.060851 0.062349
0.441000 0.123344 0.080101
0.441500 -0.072352 0.099611
0.442000 -0.044415 0.067783
0.442500 0.035610 0.069672
0.443000 0.089387 0.103388
0.443500 -0.157935 0.079189
0.444000 -0.021992 0.077794
0.444500 -0.029854 0.086654
0.445000 0.211424 0.081787
0.445500 0.027256 0.124235
0.446000 -0.046038 0.090660
0.446500 -0.080893 0.121240
0.447000 0.083355 0.106438
0.447500 -0.110487 0.145195
0.448000 0.677833 0.027996
0.448500 -0.091011 0.112539
0.449000 0.245946 0.118354
0.449500 0.126750 0.161602
0.450000 0.162369 0.111476
0.451000 0.576189 0.086338
0.452000 0.074250 0.160589
0.453000 0.182516 0.186272
0.454000 -0.131205 0.145031
0.455000 0.717571 0.062756
0.456000 0.576613 0.122484
0.457000 0.758463 0.026407
0.458000 -0.136950 0.184693
0.459000 -0.137552 0.207813
0.460000 0.058592 0.209661
0.461000 -0.010647 0.227423
0.462000 -0.041318 0.215865
0.463000 0.138773 0.206101
0.464000 -0.831982 0.000684
0.465000 -0.835628 0.000702
0.466000 0.141296 0.202826
0.467000 -0.842981 0.000564
0.468000 -0.845244 0.000618
0.469000 -0.850492 0.000606
0.470000 -0.852651 0.000561
0.471000 -0.854857 0.000542
0.472000 -0.857192 0.000604
0.473000 -0.861087 0.000626
0.474000 -0.862285 0.000526
0.475000 -0.865156 0.000596
0.476000 -0.868504 0.000493
0.477000 -0.870706 0.000422
0.478000 -0.872207 0.000410
0.479000 -0.876296 0.000483
0.480000 -0.877624 0.000415
