0.340000 -0.000756 0.000985
0.341000 -0.000677 0.001104
0.342000 -0.000021 0.000901
0.343000 -0.000238 0.000853
0.344000 0.000256 0.000904
0.345000 0.000353 0.000964
0.346000 -0.000825 0.000884
0.347000 0.000826 0.000894
0.348000 -0.000910 0.000999
0.349000 -0.000619 0.000874
0.350000 -0.001810 0.001161
0.351000 -0.000688 0.000917
0.352000 -0.000632 0.001087
0.353000 0.000216 0.000996
0.354000 -0.001290 0.001074
0.355000 0.000115 0.001019
0.356000 0.000480 0.000934
0.357000 0.000956 0.001008
0.358000 -0.000713 0.001256
0.359000 0.000830 0.000956
0.360000 -0.001815 0.001016
0.361000 -0.000495 0.001009
0.362000 0.000611 0.000952
0.363000 0.000433 0.001413
0.364000 0.000707 0.001049
0.365000 0.000622 0.001229
0.366000 0.001652 0.001288
0.367000 -0.000527 0.001222
0.368000 0.000055 0.001196
0.369000 -0.000767 0.001187
0.370000 -0.000813 0.001286
0.371000 0.000531 0.001332
0.372000 -0.000451 0.001274
0.373000 0.000574 0.001270
0.374000 -0.000068 0.001465
0.375000 -0.000130 0.001369
0.376000 -0.000294 0.001537
0.377000 0.000217 0.001516
0.378000 0.000231 0.001449
0.379000 0.000923 0.001526
0.380000 0.001438 0.001402
0.381000 0.000203 0.002098
0.382000 -0.000172 0.001592
0.383000 0.000538 0.001623
0.384000 0.001586 0.001678
0.385000 0.003358 0.001576
0.386000 -0.001667 0.001818
0.387000 -0.002504 0.001713
0.388000 -0.001657 0.001772
0.389000 0.000777 0.001749
0.390000 -0.000872 0.002160
0.391000 0.001603 0.002091
0.392000 0.001349 0.002136
0.393000 -0.002398 0.002302
0.394000 -0.002376 0.002226
0.395000 -0.000998 0.002407
0.396000 0.000479 0.002376
0.397000 -0.000810 0.002536
0.398000 -0.001787 0.003012
0.399000 -0.000019 0.002701
0.400000 0.001285 0.002938
0.400500 0.002259 0.002786
0.401000 -0.001178 0.002879
0.401500 -0.002573 0.003642
0.402000 -0.002397 0.003022
0.402500 0.001805 0.004147
0.403000 0.002976 0.003479
0.403500 -0.004477 0.002828
0.404000 0.003367 0.003876
0.404500 -0.003569 0.003846
0.405000 0.000021 0.003686
0.405500 -0.005929 0.003734
0.406000 0.002240 0.003712
0.406500 -0.001393 0.004029
0.407000 -0.001113 0.004033
0.407500 0.007009 0.003978
0.408000 -0.001064 0.004419
0.408500 -0.003719 0.003982
0.409000 0.005173 0.004426
0.409500 0.004358 0.004377
0.410000 -0.003258 0.004207
0.410500 -0.004310 0.005731
0.411000 -0.006009 0.005246
0.411500 -0.000282 0.005281
0.412000 0.003943 0.006072
0.412500 0.003019 0.006812
0.413000 -0.004945 0.007132
0.413500 -0.002619 0.005486
0.414000 -0.007731 0.006652
0.414500 -0.005617 0.006505
0.415000 -0.005485 0.005641
0.415500 0.010024 0.007004
0.416000 -0.000556 0.007771
0.416500 0.008178 0.007492
0.417000 0.001846 0.008530
0.417500 0.006523 0.010601
0.418000 0.007147 0.009576
0.418500 0.009849 0.008858
0.419000 0.013691 0.009978
0.419500 0.006356 0.010342
0.420000 -0.005931 0.008578
0.420500 -0.005233 0.011413
0.421000 0.000930 0.010584
0.421500 0.006401 0.010179
0.422000 -0.018777 0.012337
0.422500 0.009222 0.011442
0.423000 -0.003785 0.011840
0.423500 0.001901 0.015641
0.424000 -0.005901 0.012970
0.424500 0.019090 0.014673
0.425000 -0.005434 0.013729
0.425500 -0.028585 0.016632
0.426000 0.015632 0.016515
0.426500 0.023004 0.017194
0.427000 -0.033889 0.015699
0.427500 0.001246 0.019149
0.428000 -0.014832 0.022738
0.428500 0.004583 0.029772
0.429000 -0.010000 0.018493
0.429500 0.018914 0.025871
0.430000 0.018900 0.025991
0.430500 0.000295 0.026987
0.431000 0.048128 0.034461
0.431500 -0.016049 0.029681
0.432000 -0.062260 0.027764
0.432500 0.026088 0.040280
0.433000 0.030339 0.038914
0.433500 0.035278 0.033646
0.434000 0.000986 0.035367
0.434500 -0.249073 0.033188
0.435000 -0.004152 0.052310
0.435500 0.151021 0.053872
0.436000 0.023408 0.047848
0.436500 -0.118698 0.037011
0.437000 0.005313 0.062860
0.437500 -0.096833 0.058371
0.438000 -0.131999 0.073557
0.438500 0.071787 0.092322
0.439000 -0.031351 0.086783
0.439500 0.001791 0.055800
0.440000 0.072946 0.092303
0.440500 0.019103 0.086860
0.441000 0.079159 0.095779
0.441500 -0.184449 0.091612
0.442000 0.130909 0.073803
0.442500 -0.026085 0.080396
0.443000 -0.395772 0.077662
0.443500 -0.206743 0.106780
0.444000 -0.219758 0.118818
0.444500 0.252696 0.065934
0.445000 -0.033431 0.136233
0.445500 -0.006965 0.151254
0.446000 0.032288 0.133540
0.446500 0.245538 0.160532
0.447000 0.128309 0.161166
0.447500 0.593901 0.065532
0.448000 0.064622 0.158167
0.448500 0.196087 0.169757
0.449000 0.748881 0.001941
0.449500 -0.085257 0.192344
0.450000 -0.031379 0.177482
0.451000 0.758384 0.002973
0.452000 0.768889 0.001301
0.453000 0.775233 0.001637
0.454000 0.169237 0.195738
0.455000 -0.790983 0.000911
0.456000 -0.792719 0.001042
0.457000 -0.800145 0.000909
0.458000 -0.804406 0.000928
0.459000 -0.809514 0.001024
0.460000 -0.814902 0.000987
0.461000 -0.818546 0.000619
0.462000 -0.823114 0.000583
0.463000 -0.826672 0.000652
0.464000 -0.831241 0.000623
0.465000 -0.833766 0.000625
0.466000 -0.838273 0.000611
0.467000 -0.841469 0.000559
0.468000 -0.844429 0.000655
0.469000 -0.848139 0.000476
0.470000 -0.850860 0.000490
0.471000 -0.854161 0.000513
0.472000 -0.857445 0.000382
0.473000 -0.860868 0.000333
0.474000 -0.863475 0.000398
0.475000 -0.866092 0.000408
0.476000 -0.868425 0.000330
0.477000 -0.870842 0.000312
0.478000 -0.872043 0.000367
0.479000 -0.874984 0.000407
0.480000 -0.877409 0.000321
