0.340000 -0.000318 0.001080
0.341000 0.001956 0.001015
0.342000 -0.000705 0.001159
0.343000 0.000519 0.001143
0.344000 0.001503 0.001041
0.345000 0.000471 0.001070
0.346000 -0.001229 0.000973
0.347000 0.000458 0.001065
0.348000 0.000793 0.001149
0.349000 -0.000584 0.001047
0.350000 -0.001115 0.001076
0.351000 -0.000348 0.001053
0.352000 0.001636 0.001122
0.353000 0.001356 0.001472
0.354000 0.001795 0.001073
0.355000 -0.000140 0.001169
0.356000 -0.000349 0.001107
0.357000 -0.001675 0.001121
0.358000 -0.000423 0.001237
0.359000 0.001648 0.001123
0.360000 -0.000984 0.001100
0.361000 0.000787 0.001206
0.362000 -0.001375 0.001320
0.363000 0.000731 0.001193
0.364000 -0.001769 0.001375
0.365000 0.001092 0.001378
0.366000 -0.000289 0.001292
0.367000 -0.000999 0.001349
0.368000 0.000231 0.001193
0.369000 0.001035 0.001409
0.370000 -0.000071 0.001388
0.371000 0.000325 0.001622
0.372000 0.000782 0.001440
0.373000 -0.000361 0.001413
0.374000 -0.001878 0.001443
0.375000 -0.001746 0.001473
0.376000 0.002491 0.001448
0.377000 0.000532 0.001799
0.378000 0.000709 0.001734
0.379000 0.000675 0.001612
0.380000 -0.002441 0.001598
0.381000 -0.000956 0.001801
0.382000 -0.001734 0.001808
0.383000 -0.000287 0.001869
0.384000 0.000680 0.001964
0.385000 -0.000052 0.002029
0.386000 -0.001898 0.001867
0.387000 0.004367 0.002109
0.388000 -0.001390 0.002091
0.389000 -0.003294 0.002072
0.390000 0.001896 0.002235
0.391000 0.002822 0.002456
0.392000 -0.002211 0.002208
0.393000 0.000142 0.002226
0.394000 -0.000281 0.002420
0.395000 0.000590 0.002573
0.396000 -0.001489 0.002823
0.397000 0.001524 0.003112
0.398000 0.002067 0.002835
0.399000 0.002022 0.002917
0.400000 0.000597 0.003365
0.400500 0.004636 0.003704
0.401000 0.000322 0.003140
0.401500 0.002321 0.003444
0.402000 0.000252 0.003472
0.402500 0.000303 0.003564
0.403000 0.001875 0.003230
0.403500 0.006154 0.003496
0.404000 0.000673 0.004050
0.404500 0.000700 0.004117
0.405000 -0.003545 0.004628
0.405500 0.004531 0.004469
0.406000 -0.006328 0.005222
0.406500 0.000315 0.004576
0.407000 -0.006625 0.004483
0.407500 0.003611 0.004539
0.408000 0.002331 0.004295
0.408500 0.004281 0.006078
0.409000 0.002651 0.004989
0.409500 -0.001853 0.004840
0.410000 -0.008058 0.005132
0.410500 0.008129 0.006158
0.411000 0.004835 0.005128
0.411500 0.006559 0.005079
0.412000 0.000125 0.005803
0.412500 0.001564 0.006025
0.413000 0.003298 0.007076
0.413500 -0.007323 0.006753
0.414000 -0.002282 0.006199
0.414500 0.003828 0.006442
0.415000 -0.006337 0.007473
0.415500 -0.002742 0.008565
0.416000 -0.002713 0.007386
0.416500 -0.012795 0.008024
0.417000 0.004108 0.008436
0.417500 0.014462 0.009197
0.418000 -0.009854 0.008822
0.418500 -0.001700 0.008944
0.419000 -0.004807 0.009214
0.419500 0.000533 0.012314
0.420000 -0.003022 0.009496
0.420500 0.004590 0.014047
0.421000 -0.002138 0.012114
0.421500 0.002721 0.012686
0.422000 0.005083 0.011214
0.422500 0.004889 0.016200
0.423000 -0.001116 0.015254
0.423500 0.003997 0.013070
0.424000 -0.004001 0.015485
0.424500 -0.002374 0.016508
0.425000 0.008091 0.015197
0.425500 0.031526 0.017579
0.426000 0.038159 0.017932
0.426500 0.003265 0.017122
0.427000 0.022629 0.021549
0.427500 -0.024755 0.020413
0.428000 0.009874 0.020713
0.428500 -0.002898 0.019727
0.429000 -0.006727 0.027301
0.429500 -0.049770 0.021593
0.430000 -0.003117 0.026061
0.430500 -0.006673 0.023232
0.431000 0.051368 0.026315
0.431500 0.008849 0.029348
0.432000 -0.061379 0.026855
0.432500 -0.015888 0.045863
0.433000 0.038831 0.036075
0.433500 0.073434 0.035252
0.434000 0.102820 0.035838
0.434500 0.025124 0.045728
0.435000 -0.011892 0.029597
0.435500 0.000198 0.043503
0.436000 -0.123917 0.035581
0.436500 0.103663 0.042003
0.437000 0.031074 0.053987
0.437500 -0.092313 0.062299
0.438000 0.041468 0.073541
0.438500 -0.063916 0.063082
0.439000 -0.294226 0.076664
0.439500 -0.018622 0.060659
0.440000 0.254286 0.073833
0.440500 0.101376 0.058825
0.441000 0.136694 0.087572
0.441500 -0.003700 0.089567
0.442000 0.095658 0.110877
0.442500 -0.215769 0.096222
0.443000 -0.011220 0.097844
0.443500 -0.039017 0.101156
0.444000 -0.033742 0.119372
0.444500 -0.027474 0.111256
0.445000 -0.303212 0.090685
0.445500 0.072523 0.127928
0.446000 -0.031665 0.154794
0.446500 -0.083245 0.145347
0.447000 0.040971 0.114842
0.447500 0.022516 0.186878
0.448000 -0.077403 0.186792
0.448500 -0.078418 0.152617
0.449000 0.249346 0.134319
0.449500 0.078896 0.166037
0.450000 0.077929 0.172050
0.451000 0.080670 0.171078
0.452000 0.081355 0.149203
0.453000 0.081934 0.191570
0.454000 0.082386 0.219077
0.455000 0.789955 0.001094
0.456000 0.791845 0.001272
0.457000 0.083990 0.218937
0.458000 0.084590 0.221060
0.459000 0.808638 0.000993
0.460000 0.086328 0.223220
0.461000 0.086705 0.211917
0.462000 0.823165 0.000807
0.463000 0.826995 0.001078
0.464000 0.831340 0.000688
0.465000 0.836450 0.000596
0.466000 0.839082 0.000604
0.467000 0.840752 0.000677
0.468000 0.845308 0.000566
0.469000 0.849248 0.000538
0.470000 0.851510 0.000582
0.471000 0.854101 0.000505
0.472000 0.858505 0.000431
0.473000 0.860398 0.000451
0.474000 0.864146 0.000434
0.475000 0.865980 0.000399
0.476000 0.868048 0.000485
0.477000 0.870726 0.000524
0.478000 0.872293 0.000414
0.479000 0.874921 0.000381
0.480000 0.877566 0.000343
