0.340000 -0.000361 0.002467
0.341000 0.000959 0.001974
0.342000 -0.001449 0.002094
0.343000 -0.000465 0.002019
0.344000 0.001067 0.001916
0.345000 0.000273 0.002076
0.346000 0.000421 0.001791
0.347000 0.000487 0.002159
0.348000 -0.000543 0.002130
0.349000 -0.001599 0.002206
0.350000 0.001808 0.002080
0.351000 -0.000017 0.002060
0.352000 -0.002860 0.002270
0.353000 0.000219 0.002135
0.354000 -0.000166 0.002137
0.355000 -0.001654 0.002183
0.356000 -0.001238 0.002246
0.357000 -0.002073 0.002438
0.358000 -0.002155 0.002205
0.359000 0.001107 0.002360
0.360000 -0.000531 0.002803
0.361000 0.000187 0.002309
0.362000 0.001378 0.002398
0.363000 0.001623 0.002644
0.364000 -0.002303 0.002361
0.365000 0.004770 0.002468
0.366000 0.000107 0.002589
0.367000 0.001888 0.003080
0.368000 -0.001564 0.003594
0.369000 0.001051 0.002489
0.370000 -0.003599 0.002650
0.371000 -0.002643 0.003577
0.372000 0.000470 0.002780
0.373000 0.007846 0.003086
0.374000 0.004196 0.003320
0.375000 -0.001734 0.002878
0.376000 -0.001937 0.002975
0.377000 0.004139 0.003222
0.378000 0.000721 0.003537
0.379000 0.001602 0.003210
0.380000 -0.002990 0.003397
0.381000 0.002668 0.003236
0.382000 -0.000414 0.003692
0.383000 0.002123 0.003527
0.384000 -0.002271 0.003868
0.385000 0.002022 0.003662
0.386000 0.000898 0.004468
0.387000 0.003324 0.004012
0.388000 0.002960 0.004238
0.389000 -0.000837 0.004188
0.390000 0.002452 0.003931
0.391000 -0.001700 0.004181
0.392000 0.008785 0.004669
0.393000 0.000687 0.004109
0.394000 -0.003179 0.004288
0.395000 -0.000254 0.005155
0.396000 -0.005201 0.005317
0.397000 0.000816 0.006065
0.398000 0.003715 0.005186
0.399000 0.003301 0.006150
0.400000 -0.006371 0.006624
0.400500 -0.009217 0.005707
0.401000 0.001170 0.006773
0.401500 -0.005363 0.006038
0.402000 0.005509 0.007502
0.402500 -0.003087 0.006089
0.403000 -0.004005 0.006846
0.403500 -0.007057 0.006383
0.404000 -0.009638 0.007779
0.404500 -0.004411 0.007198
0.405000 -0.005177 0.007033
0.405500 0.013088 0.007365
0.406000 0.000989 0.008409
0.406500 -0.005052 0.007376
0.407000 0.004133 0.009516
0.407500 0.005943 0.009241
0.408000 -0.000318 0.008577
0.408500 -0.004469 0.009793
0.409000 -0.006135 0.008711
0.409500 -0.012207 0.009644
0.410000 0.004797 0.009383
0.410500 -0.005481 0.011402
0.411000 -0.010683 0.009978
0.411500 -0.009357 0.010314
0.412000 0.010178 0.009674
0.412500 0.007259 0.008889
0.413000 0.005250 0.009941
0.413500 -0.006467 0.010540
0.414000 -0.016255 0.010985
0.414500 -0.011530 0.010515
0.415000 0.016311 0.011318
0.415500 -0.001710 0.010915
0.416000 0.010622 0.012118
0.416500 0.007968 0.014976
0.417000 0.002962 0.012139
0.417500 0.011422 0.013915
0.418000 -0.003013 0.013180
0.418500 0.019751 0.014426
0.419000 0.018541 0.013610
0.419500 0.014500 0.014811
0.420000 -0.019312 0.012744
0.420500 -0.010261 0.014980
0.421000 0.005243 0.018769
0.421500 0.010415 0.015327
0.422000 0.014748 0.015466
0.422500 -0.027589 0.013716
0.423000 -0.003329 0.017544
0.423500 0.001817 0.018445
0.424000 0.008385 0.018154
0.424500 0.015470 0.018091
0.425000 -0.004474 0.019615
0.425500 -0.003022 0.022043
0.426000 0.010625 0.022335
0.426500 0.000500 0.021308
0.427000 -0.009848 0.024948
0.427500 -0.009847 0.020811
0.428000 -0.025225 0.021957
0.428500 0.008261 0.023694
0.429000 -0.026871 0.025117
0.429500 -0.002126 0.021335
0.430000 0.015103 0.028028
0.430500 0.021236 0.025558
0.431000 -0.036246 0.024824
0.431500 0.014637 0.029105
0.432000 -0.023378 0.027438
0.432500 0.035332 0.028490
0.433000 0.043881 0.027330
0.433500 -0.036238 0.027162
0.434000 -0.008549 0.034231
0.434500 0.032480 0.034721
0.435000 -0.041144 0.032396
0.435500 -0.002079 0.028720
0.436000 -0.064530 0.034519
0.436500 0.021270 0.039407
0.437000 0.020689 0.040476
0.437500 0.015233 0.039961
0.438000 -0.029619 0.044292
0.438500 -0.001541 0.035544
0.439000 -0.021948 0.041450
0.439500 -0.006354 0.044523
0.440000 0.000045 0.050586
0.440500 -0.058496 0.035904
0.441000 0.027830 0.049793
0.441500 0.044382 0.041751
0.442000 0.075884 0.046685
0.442500 0.102666 0.042858
0.443000 -0.065537 0.052359
0.443500 -0.020302 0.057720
0.444000 0.079418 0.052042
0.444500 0.037234 0.054185
0.445000 0.010266 0.057414
0.445500 -0.040504 0.057493
0.446000 -0.093252 0.061867
0.446500 -0.039189 0.067067
0.447000 0.048107 0.065011
0.447500 -0.048972 0.062563
0.448000 -0.060657 0.084547
0.448500 0.089623 0.081894
0.449000 0.013914 0.079586
0.449500 0.057272 0.080372
0.450000 0.041161 0.062266
0.451000 0.088249 0.078720
0.452000 -0.019056 0.089456
0.453000 -0.009721 0.082563
0.454000 -0.183185 0.082689
0.455000 0.031867 0.089980
0.456000 -0.026436 0.088828
0.457000 0.015244 0.108710
0.458000 -0.073927 0.117577
0.459000 0.083095 0.148954
0.460000 0.144347 0.146446
0.461000 -0.167332 0.141859
0.462000 -0.104036 0.157330
0.463000 0.164974 0.146199
0.464000 0.014741 0.129054
0.465000 -0.028521 0.150655
0.466000 0.352911 0.150503
0.467000 -0.711746 0.076082
0.468000 0.060759 0.179702
0.469000 -0.066476 0.179026
0.470000 0.172322 0.169755
0.471000 0.031600 0.201795
0.472000 -0.387645 0.183126
0.473000 -0.182336 0.199766
0.474000 -0.401384 0.140790
0.475000 -0.115600 0.195453
0.476000 -0.031450 0.218281
0.477000 -0.226754 0.187494
0.478000 -0.133378 0.194691
0.479000 0.026641 0.207355
0.480000 0.274249 0.198612
