0.340000 0.005735 0.002763
0.341000 0.000756 0.002732
0.342000 -0.000741 0.002590
0.343000 -0.006042 0.002879
0.344000 -0.001901 0.002576
0.345000 0.000826 0.002656
0.346000 -0.001227 0.002774
0.347000 0.003597 0.002669
0.348000 -0.005322 0.002748
0.349000 0.000059 0.003066
0.350000 -0.002766 0.002885
0.351000 0.001729 0.002767
0.352000 0.005882 0.002875
0.353000 -0.000510 0.003155
0.354000 -0.000108 0.002944
0.355000 -0.002963 0.002808
0.356000 0.004673 0.003874
0.357000 -0.002085 0.003430
0.358000 0.001415 0.003222
0.359000 0.000642 0.002957
0.360000 -0.000974 0.003476
0.361000 0.002615 0.003659
0.362000 -0.001852 0.003334
0.363000 0.005172 0.003973
0.364000 -0.003694 0.003296
0.365000 0.000317 0.003748
0.366000 -0.008863 0.003597
0.367000 -0.001828 0.003405
0.368000 -0.000442 0.003797
0.369000 -0.005098 0.003786
0.370000 0.007235 0.003750
0.371000 -0.001161 0.003709
0.372000 0.002804 0.003251
0.373000 -0.000074 0.003528
0.374000 -0.001168 0.004638
0.375000 0.000536 0.004218
0.376000 -0.003436 0.004233
0.377000 0.000788 0.003726
0.378000 -0.001852 0.004218
0.379000 0.001013 0.005083
0.380000 0.005047 0.004329
0.381000 0.000892 0.005479
0.382000 -0.003069 0.004528
0.383000 0.003335 0.004711
0.384000 0.004109 0.005531
0.385000 -0.007510 0.005897
0.386000 -0.005316 0.004737
0.387000 -0.005959 0.005031
0.388000 0.000331 0.005975
0.389000 0.000965 0.005398
0.390000 -0.005138 0.005528
0.391000 -0.007046 0.005483
0.392000 -0.000460 0.005465
0.393000 0.004764 0.005253
0.394000 -0.001132 0.005946
0.395000 -0.002984 0.006969
0.396000 0.002211 0.007308
0.397000 0.003526 0.007219
0.398000 0.006996 0.006702
0.399000 -0.005387 0.006530
0.400000 -0.006943 0.008030
0.400500 -0.007284 0.010315
0.401000 0.002531 0.007912
0.401500 0.009284 0.007079
0.402000 -0.000593 0.006979
0.402500 -0.002175 0.008847
0.403000 0.013638 0.008895
0.403500 -0.001012 0.007953
0.404000 0.007947 0.008814
0.404500 -0.009231 0.008285
0.405000 0.007348 0.008678
0.405500 0.009306 0.010706
0.406000 -0.002410 0.009592
0.406500 -0.001740 0.009304
0.407000 0.001886 0.008987
0.407500 0.028715 0.008391
0.408000 0.006048 0.009763
0.408500 0.010652 0.011004
0.409000 -0.003157 0.009681
0.409500 0.002480 0.009649
0.410000 0.001868 0.009712
0.410500 -0.003134 0.010499
0.411000 -0.001623 0.009796
0.411500 0.007371 0.011102
0.412000 -0.006924 0.010638
0.412500 0.016353 0.011908
0.413000 -0.003342 0.010215
0.413500 0.006629 0.011563
0.414000 -0.000735 0.011023
0.414500 0.015598 0.011550
0.415000 -0.026998 0.015081
0.415500 -0.007741 0.012965
0.416000 0.013906 0.012779
0.416500 0.002747 0.013747
0.417000 -0.012780 0.012569
0.417500 0.007896 0.014287
0.418000 0.026053 0.013087
0.418500 -0.005669 0.013520
0.419000 -0.019320 0.014773
0.419500 -0.004988 0.014433
0.420000 0.005674 0.015148
0.420500 -0.028019 0.015601
0.421000 0.021956 0.016457
0.421500 0.002804 0.016281
0.422000 0.002426 0.015696
0.422500 -0.005111 0.018789
0.423000 -0.023486 0.018500
0.423500 -0.015049 0.020070
0.424000 0.012568 0.018772
0.424500 -0.022354 0.018589
0.425000 0.005429 0.018015
0.425500 -0.000756 0.016941
0.426000 0.018329 0.020325
0.426500 0.010628 0.017720
0.427000 0.007036 0.021555
0.427500 -0.007277 0.018444
0.428000 -0.013881 0.018404
0.428500 -0.008604 0.019686
0.429000 0.007007 0.021855
0.429500 0.018932 0.023177
0.430000 -0.001388 0.019952
0.430500 0.051831 0.023229
0.431000 -0.013009 0.025933
0.431500 -0.007712 0.021684
0.432000 0.035668 0.022531
0.432500 -0.013160 0.023579
0.433000 -0.008616 0.024253
0.433500 0.018226 0.026065
0.434000 0.020710 0.024563
0.434500 -0.060823 0.022578
0.435000 0.022226 0.022503
0.435500 -0.000759 0.026170
0.436000 -0.038324 0.038999
0.436500 0.043020 0.028016
0.437000 0.021393 0.029045
0.437500 0.039417 0.030087
0.438000 -0.014228 0.030776
0.438500 -0.019316 0.028876
0.439000 0.017051 0.036280
0.439500 -0.012031 0.033589
0.440000 0.081092 0.029412
0.440500 -0.046009 0.033725
0.441000 0.018570 0.041086
0.441500 -0.037835 0.032085
0.442000 0.044439 0.035223
0.442500 0.032081 0.037323
0.443000 -0.000470 0.033774
0.443500 -0.072418 0.034574
0.444000 -0.035914 0.037434
0.444500 -0.117489 0.038738
0.445000 -0.024151 0.043295
0.445500 0.031532 0.046163
0.446000 0.009868 0.040231
0.446500 -0.037832 0.046737
0.447000 0.059246 0.050828
0.447500 -0.000548 0.042217
0.448000 0.048789 0.041388
0.448500 0.017243 0.039912
0.449000 0.041615 0.045731
0.449500 -0.034225 0.050371
0.450000 0.083342 0.050748
0.451000 0.045300 0.054977
0.452000 0.058461 0.060511
0.453000 -0.002104 0.055990
0.454000 0.005393 0.064093
0.455000 0.048392 0.057466
0.456000 -0.008634 0.071426
0.457000 -0.140636 0.080432
0.458000 -0.051149 0.068104
0.459000 0.058557 0.074694
0.460000 -0.082846 0.074793
0.461000 -0.030604 0.077139
0.462000 0.022064 0.080153
0.463000 -0.048386 0.097594
0.464000 -0.053796 0.084667
0.465000 0.006866 0.081316
0.466000 -0.145514 0.105657
0.467000 -0.036940 0.139545
0.468000 0.207825 0.097865
0.469000 -0.098930 0.104769
0.470000 -0.215470 0.106749
0.471000 -0.007690 0.153255
0.472000 -0.054378 0.126193
0.473000 0.023903 0.124977
0.474000 0.119479 0.119625
0.475000 0.181522 0.146868
0.476000 0.009646 0.152828
0.477000 0.104747 0.144507
0.478000 0.052370 0.183978
0.479000 0.033924 0.126701
0.480000 0.208617 0.179269
