0.350000 -0.000214 0.000356
0.360000 -0.000264 0.000394
0.370000 -0.000533 0.000475
0.380000 -0.000490 0.000549
0.390000 0.000113 0.000708
0.400000 -0.000478 0.001066
0.401000 0.001470 0.001035
0.402000 -0.000357 0.001124
0.403000 -0.000970 0.001188
0.404000 -0.001180 0.001407
0.405000 -0.000487 0.001298
0.406000 -0.000051 0.001446
0.407000 0.002058 0.001821
0.408000 -0.001404 0.001689
0.409000 -0.001572 0.001860
0.410000 0.000226 0.001687
0.411000 -0.000273 0.001887
0.412000 -0.002871 0.002048
0.413000 -0.001753 0.001997
0.414000 -0.002484 0.002242
0.415000 0.000874 0.002579
0.416000 0.000342 0.003004
0.417000 -0.000678 0.003343
0.418000 0.000672 0.003178
0.419000 -0.002756 0.003238
0.420000 0.001024 0.004278
0.421000 0.002724 0.004126
0.422000 -0.001828 0.004750
0.423000 0.001395 0.005430
0.424000 -0.003003 0.005014
0.425000 0.001421 0.006713
0.426000 -0.010012 0.006783
0.427000 0.000392 0.008192
0.428000 0.022225 0.008110
0.429000 -0.001748 0.010176
0.430000 0.011653 0.012042
0.431000 -0.004944 0.015732
0.432000 0.066834 0.011943
0.433000 0.056185 0.019812
0.434000 0.067579 0.021421
0.435000 0.002446 0.042981
0.436000 0.009825 0.046608
0.437000 -0.002427 0.058589
0.438000 -0.339508 0.018717
0.439000 -0.004990 0.078983
0.440000 -0.402332 0.027956
0.441000 -0.003510 0.049026
0.442000 0.616273 0.003332
0.443000 0.014848 0.088120
0.444000 0.662460 0.002709
0.445000 -0.000325 0.101624
0.446000 -0.699063 0.002111
0.447000 -0.724051 0.001111
0.448000 0.011635 0.090177
0.449000 0.746116 0.000673
0.450000 0.752490 0.000603
0.460000 0.814284 0.000409
0.470000 0.851768 0.000224
0.480000 0.877186 0.000117
