0.340000 0.000593 0.000814
0.341000 -0.000253 0.000814
0.342000 -0.001037 0.000841
0.343000 -0.000928 0.000816
0.344000 -0.000104 0.000746
0.345000 0.001163 0.000846
0.346000 -0.000097 0.000772
0.347000 -0.000262 0.000884
0.348000 0.000340 0.000829
0.349000 -0.001610 0.000805
0.350000 0.000182 0.000920
0.351000 0.000480 0.000918
0.352000 0.001115 0.000934
0.353000 0.001262 0.000930
0.354000 0.000448 0.000919
0.355000 0.000364 0.000907
0.356000 0.001325 0.000976
0.357000 0.000552 0.000921
0.358000 -0.002134 0.001127
0.359000 -0.000054 0.000963
0.360000 -0.000881 0.000969
0.361000 0.001225 0.000865
0.362000 -0.000399 0.001030
0.363000 0.000843 0.001008
0.364000 -0.001780 0.000969
0.365000 0.000098 0.001254
0.366000 -0.001494 0.001301
0.367000 0.000526 0.001164
0.368000 0.000928 0.001031
0.369000 0.000363 0.001023
0.370000 0.000453 0.001158
0.371000 -0.001230 0.001032
0.372000 0.001061 0.001206
0.373000 0.000308 0.001153
0.374000 -0.000678 0.001259
0.375000 -0.000665 0.001187
0.376000 0.000096 0.001279
0.377000 -0.000119 0.001371
0.378000 -0.000170 0.001381
0.379000 0.001103 0.001280
0.380000 -0.000695 0.001524
0.381000 -0.000421 0.001445
0.382000 -0.002648 0.001468
0.383000 0.001701 0.001461
0.384000 0.000019 0.001419
0.385000 -0.000700 0.001603
0.386000 0.002356 0.001545
0.387000 0.001677 0.001524
0.388000 -0.000023 0.001524
0.389000 -0.000831 0.001770
0.390000 0.001827 0.001935
0.391000 0.000531 0.002101
0.392000 0.002188 0.001852
0.393000 -0.001873 0.001936
0.394000 0.001154 0.001980
0.395000 -0.000071 0.002170
0.396000 0.000960 0.002206
0.397000 -0.002379 0.002103
0.398000 0.000536 0.002392
0.399000 0.001009 0.002571
0.400000 0.002518 0.002828
0.400500 0.000668 0.002865
0.401000 -0.001552 0.002931
0.401500 -0.001889 0.002862
0.402000 0.008004 0.002912
0.402500 -0.003047 0.003025
0.403000 0.000837 0.002942
0.403500 0.001946 0.003038
0.404000 0.001205 0.002911
0.404500 0.004026 0.003440
0.405000 0.004586 0.003327
0.405500 -0.001872 0.003606
0.406000 -0.000816 0.003153
0.406500 -0.000732 0.004016
0.407000 0.000188 0.003596
0.407500 -0.003419 0.004118
0.408000 -0.003384 0.004110
0.408500 0.007884 0.004434
0.409000 0.006031 0.003720
0.409500 -0.000082 0.004029
0.410000 0.001965 0.004870
0.410500 0.000848 0.004955
0.411000 0.000202 0.004313
0.411500 0.000233 0.004528
0.412000 -0.003572 0.006018
0.412500 -0.002205 0.005298
0.413000 -0.009507 0.005252
0.413500 -0.008726 0.006801
0.414000 -0.009950 0.006097
0.414500 0.004651 0.006267
0.415000 0.003168 0.005650
0.415500 -0.001655 0.006786
0.416000 -0.004368 0.007784
0.416500 -0.003332 0.006790
0.417000 0.001042 0.006454
0.417500 0.007268 0.007456
0.418000 0.005346 0.007009
0.418500 0.015779 0.009299
0.419000 -0.006487 0.007568
0.419500 0.009855 0.007697
0.420000 -0.008251 0.008683
0.420500 -0.010514 0.009351
0.421000 0.014583 0.009391
0.421500 -0.011992 0.011332
0.422000 -0.006306 0.008524
0.422500 -0.015307 0.011322
0.423000 -0.013048 0.013157
0.423500 0.018688 0.010405
0.424000 -0.004128 0.012259
0.424500 0.005951 0.012481
0.425000 0.010403 0.012365
0.425500 -0.009616 0.016730
0.426000 -0.017394 0.016550
0.426500 0.011804 0.016890
0.427000 0.001540 0.015562
0.427500 0.034271 0.016777
0.428000 0.007347 0.018172
0.428500 -0.055782 0.017976
0.429000 -0.011511 0.024285
0.429500 0.010682 0.023043
0.430000 0.008651 0.026988
0.430500 -0.000512 0.020963
0.431000 0.001047 0.027735
0.431500 0.008830 0.030427
0.432000 -0.000154 0.027579
0.432500 0.016538 0.043049
0.433000 -0.009777 0.035910
0.433500 -0.007641 0.041728
0.434000 0.007687 0.046496
0.434500 -0.021783 0.047846
0.435000 0.003682 0.035953
0.435500 -0.036207 0.072031
0.436000 -0.022009 0.053237
0.436500 -0.002812 0.057580
0.437000 0.015647 0.096746
0.437500 0.077659 0.059280
0.438000 -0.020156 0.076770
0.438500 -0.008663 0.061302
0.439000 -0.005952 0.075336
0.439500 0.064129 0.072993
0.440000 0.000987 0.077485
0.440500 0.075165 0.073295
0.441000 -0.038849 0.082663
0.441500 0.003009 0.094175
0.442000 -0.028322 0.098975
0.442500 -0.093320 0.099149
0.443000 -0.139257 0.087185
0.443500 -0.675612 0.005466
0.444000 -0.267586 0.127727
0.444500 -0.070232 0.144563
0.445000 0.491986 0.097014
0.445500 0.697426 0.004104
0.446000 0.006368 0.156552
0.446500 -0.714798 0.002608
0.447000 -0.419414 0.108854
0.447500 -0.725879 0.003472
0.448000 -0.352062 0.139435
0.448500 0.106617 0.180968
0.449000 0.107185 0.178436
0.449500 -0.742413 0.002754
0.450000 -0.753728 0.001516
0.451000 -0.759113 0.002146
0.452000 -0.769581 0.001119
0.453000 -0.774216 0.001203
0.454000 -0.781739 0.002150
0.455000 -0.788861 0.000886
0.456000 -0.091225 0.226225
0.457000 0.799789 0.000748
0.458000 0.804865 0.000730
0.459000 0.809756 0.000975
0.460000 0.813446 0.000859
0.461000 0.819715 0.000753
0.462000 0.822119 0.000980
0.463000 0.827503 0.000770
0.464000 0.832964 0.000462
0.465000 0.835513 0.000478
0.466000 0.838995 0.000580
0.467000 0.843654 0.000378
0.468000 0.845588 0.000436
0.469000 0.849096 0.000392
0.470000 0.852196 0.000376
0.471000 0.854648 0.000478
0.472000 0.857490 0.000424
0.473000 0.860515 0.000382
0.474000 0.864123 0.000324
0.475000 0.866167 0.000342
0.476000 0.867803 0.000338
0.477000 0.871154 0.000316
0.478000 0.873534 0.000309
0.479000 0.875466 0.000320
0.480000 0.877825 0.000304
