0.340000 -0.001798 0.006440
0.341000 0.008214 0.007472
0.342000 -0.002200 0.006845
0.343000 -0.000848 0.007339
0.344000 -0.013370 0.006785
0.345000 -0.002804 0.006860
0.346000 0.006038 0.007671
0.347000 0.002838 0.007408
0.348000 0.006822 0.007630
0.349000 -0.000374 0.007804
0.350000 0.012964 0.007907
0.351000 0.001580 0.008977
0.352000 -0.001668 0.009640
0.353000 -0.003080 0.008920
0.354000 0.003542 0.009079
0.355000 0.005350 0.010275
0.356000 0.001730 0.007839
0.357000 0.002300 0.009750
0.358000 0.000798 0.009262
0.359000 0.013980 0.008670
0.360000 -0.009516 0.009132
0.361000 -0.001710 0.011110
0.362000 -0.009554 0.009006
0.363000 -0.001670 0.009951
0.364000 -0.010242 0.010903
0.365000 0.002384 0.010154
0.366000 0.013240 0.010002
0.367000 -0.003336 0.011077
0.368000 -0.003750 0.011419
0.369000 -0.004438 0.014095
0.370000 -0.005862 0.011454
0.371000 -0.021354 0.011426
0.372000 -0.001878 0.012868
0.373000 -0.005232 0.012015
0.374000 0.018318 0.011943
0.375000 -0.023300 0.012788
0.376000 0.012302 0.012082
0.377000 -0.011180 0.014764
0.378000 -0.012154 0.012976
0.379000 0.014460 0.014171
0.380000 0.004668 0.016318
0.381000 -0.010936 0.015518
0.382000 0.001990 0.016357
0.383000 -0.009918 0.016575
0.384000 -0.019504 0.018017
0.385000 0.018568 0.015635
0.386000 -0.011420 0.018527
0.387000 -0.000468 0.018461
0.388000 0.009644 0.020957
0.389000 0.025024 0.022508
0.390000 0.004474 0.017808
0.391000 0.017860 0.019198
0.392000 0.008388 0.020789
0.393000 0.048444 0.018417
0.394000 0.027718 0.022407
0.395000 0.025238 0.021574
0.396000 -0.009214 0.022674
0.397000 -0.006882 0.019210
0.398000 -0.017148 0.020953
0.399000 -0.043958 0.024496
0.400000 -0.033280 0.027025
0.401000 -0.014224 0.030810
0.402000 -0.008100 0.026618
0.403000 0.039874 0.027811
0.404000 0.004028 0.023783
0.405000 0.011904 0.029377
0.406000 -0.030316 0.023737
0.407000 0.013086 0.033708
0.408000 0.002170 0.028255
0.409000 -0.017142 0.032330
0.410000 0.006488 0.028379
0.411000 0.006462 0.028519
0.412000 0.011212 0.032452
0.413000 0.006508 0.037607
0.414000 -0.013292 0.035886
0.415000 0.077798 0.029544
0.416000 0.015012 0.035615
0.417000 -0.045588 0.037285
0.418000 0.014338 0.033098
0.419000 -0.004394 0.037229
0.420000 0.001686 0.045175
0.421000 -0.006758 0.035228
0.422000 -0.021742 0.070083
0.423000 0.090108 0.042044
0.424000 0.041096 0.044389
0.425000 0.014170 0.049839
0.426000 -0.023480 0.051806
0.427000 0.003328 0.042720
0.428000 0.072622 0.053291
0.429000 -0.081192 0.047873
0.430000 0.035304 0.056266
0.431000 -0.016310 0.047309
0.432000 0.042156 0.054254
0.433000 0.070892 0.045867
0.434000 0.187160 0.066074
0.435000 0.008264 0.068851
0.436000 0.075758 0.056156
0.437000 0.031716 0.060699
0.438000 0.093248 0.058085
0.439000 -0.029348 0.089779
0.440000 0.088372 0.067329
0.441000 -0.036432 0.077459
0.442000 -0.000530 0.064480
0.443000 -0.049336 0.078204
0.444000 -0.031418 0.063551
0.445000 0.152718 0.086500
0.446000 -0.006874 0.076357
0.447000 0.121328 0.087111
0.448000 0.054812 0.080245
0.449000 -0.118242 0.075580
0.450000 0.001212 0.088044
0.451000 0.055508 0.086099
0.452000 0.061788 0.102701
0.453000 -0.004540 0.097510
0.454000 0.017766 0.110575
0.455000 0.037434 0.087243
0.456000 0.026800 0.111739
0.457000 0.258290 0.115909
0.458000 -0.187726 0.107760
0.459000 -0.034918 0.091266
0.460000 0.019240 0.111184
0.461000 -0.051320 0.141259
0.462000 -0.145398 0.134527
0.463000 0.081170 0.136068
0.464000 0.120466 0.115168
0.465000 -0.006394 0.146917
0.466000 0.392334 0.083447
0.467000 -0.080348 0.147974
0.468000 -0.009964 0.123271
0.469000 -0.086182 0.148892
0.470000 0.101128 0.195001
0.471000 -0.081682 0.145413
0.472000 0.081850 0.115979
0.473000 -0.052992 0.123325
0.474000 0.390408 0.134297
0.475000 0.122276 0.172678
0.476000 -0.048232 0.153948
0.477000 0.011200 0.183217
0.478000 -0.120330 0.153284
0.479000 0.191014 0.206158
0.480000 -0.094154 0.126694
