0.340000 0.000411 0.001975
0.341000 0.001215 0.001628
0.342000 -0.000885 0.001671
0.343000 0.000800 0.001582
0.344000 -0.001228 0.001860
0.345000 0.003201 0.002011
0.346000 -0.002823 0.001506
0.347000 0.004742 0.001761
0.348000 0.004490 0.001663
0.349000 -0.000824 0.001588
0.350000 -0.003160 0.001913
0.351000 0.001368 0.001833
0.352000 -0.001326 0.001803
0.353000 0.000925 0.001700
0.354000 -0.000971 0.001849
0.355000 0.003947 0.001586
0.356000 0.000155 0.002043
0.357000 -0.003976 0.001755
0.358000 0.000378 0.001899
0.359000 -0.000214 0.002156
0.360000 -0.002197 0.002420
0.361000 0.000740 0.002443
0.362000 0.001430 0.002079
0.363000 0.000032 0.002105
0.364000 0.002001 0.001871
0.365000 0.000149 0.002038
0.366000 -0.000087 0.002142
0.367000 -0.003214 0.002155
0.368000 0.000833 0.002185
0.369000 0.002893 0.002614
0.370000 0.004713 0.002156
0.371000 -0.001950 0.002239
0.372000 -0.000604 0.002177
0.373000 0.001292 0.002377
0.374000 -0.000627 0.002409
0.375000 -0.000620 0.002387
0.376000 0.001991 0.002407
0.377000 -0.000139 0.002503
0.378000 -0.004698 0.003810
0.379000 -0.001217 0.002448
0.380000 0.002956 0.002650
0.381000 -0.002543 0.002777
0.382000 -0.001116 0.002761
0.383000 0.000653 0.002923
0.384000 -0.000161 0.002894
0.385000 0.000570 0.002959
0.386000 -0.008448 0.003861
0.387000 -0.001615 0.003376
0.388000 -0.002243 0.003120
0.389000 0.003292 0.003315
0.390000 0.000871 0.003448
0.391000 0.001681 0.005001
0.392000 -0.003399 0.004688
0.393000 0.003962 0.004379
0.394000 0.003242 0.004394
0.395000 -0.002581 0.003843
0.396000 -0.002834 0.004157
0.397000 -0.008144 0.004944
0.398000 -0.000079 0.004480
0.399000 0.000005 0.004596
0.400000 0.003138 0.004838
0.400500 0.001655 0.004885
0.401000 -0.001409 0.005618
0.401500 -0.007620 0.006145
0.402000 0.001020 0.005831
0.402500 -0.003879 0.005102
0.403000 -0.003451 0.005888
0.403500 -0.000163 0.006428
0.404000 0.004600 0.006199
0.404500 0.001915 0.006056
0.405000 -0.001457 0.006633
0.405500 -0.009907 0.007328
0.406000 0.003693 0.006938
0.406500 -0.017025 0.006474
0.407000 0.010040 0.007872
0.407500 0.002917 0.007665
0.408000 -0.001118 0.007584
0.408500 0.004539 0.008337
0.409000 -0.003948 0.007609
0.409500 -0.005971 0.007717
0.410000 -0.005346 0.007544
0.410500 -0.007051 0.008960
0.411000 -0.011200 0.008649
0.411500 -0.006500 0.008456
0.412000 -0.008907 0.009195
0.412500 -0.005454 0.009300
0.413000 -0.012626 0.009261
0.413500 0.014432 0.011989
0.414000 -0.000759 0.010141
0.414500 -0.022740 0.010618
0.415000 -0.002899 0.009988
0.415500 -0.005814 0.009198
0.416000 0.013612 0.010787
0.416500 -0.005289 0.012713
0.417000 0.010423 0.014848
0.417500 -0.002411 0.012887
0.418000 0.002051 0.013693
0.418500 -0.010816 0.010951
0.419000 -0.006818 0.012056
0.419500 -0.011228 0.013427
0.420000 -0.027428 0.014906
0.420500 -0.012972 0.014106
0.421000 -0.003510 0.013379
0.421500 -0.007485 0.018264
0.422000 -0.006564 0.015648
0.422500 0.005614 0.015898
0.423000 0.023823 0.016833
0.423500 0.029962 0.018443
0.424000 0.018007 0.018290
0.424500 0.012549 0.019626
0.425000 -0.017234 0.021018
0.425500 -0.010182 0.019724
0.426000 -0.003386 0.018991
0.426500 -0.021943 0.019345
0.427000 0.039929 0.019245
0.427500 -0.005883 0.021679
0.428000 0.036835 0.026554
0.428500 0.017204 0.028619
0.429000 -0.011585 0.023026
0.429500 -0.000572 0.025375
0.430000 0.004859 0.024130
0.430500 -0.004543 0.033215
0.431000 0.025933 0.030536
0.431500 -0.006342 0.027686
0.432000 0.017403 0.030571
0.432500 0.022123 0.029987
0.433000 -0.034029 0.030066
0.433500 0.028172 0.030285
0.434000 -0.036837 0.038854
0.434500 0.027476 0.031591
0.435000 0.047531 0.034704
0.435500 0.001464 0.033325
0.436000 0.016131 0.040800
0.436500 -0.025593 0.039755
0.437000 0.089261 0.037198
0.437500 -0.045487 0.037716
0.438000 -0.033797 0.042419
0.438500 0.016811 0.056062
0.439000 -0.012161 0.054617
0.439500 -0.043910 0.050481
0.440000 0.026048 0.056108
0.440500 0.068764 0.061163
0.441000 0.060236 0.061237
0.441500 0.105683 0.050448
0.442000 -0.049386 0.062732
0.442500 0.055074 0.059747
0.443000 -0.057328 0.053444
0.443500 -0.000354 0.075376
0.444000 0.008057 0.062856
0.444500 -0.039989 0.069390
0.445000 -0.158667 0.066641
0.445500 -0.070098 0.073723
0.446000 0.063002 0.073053
0.446500 -0.179572 0.089943
0.447000 0.102416 0.078553
0.447500 -0.150504 0.086034
0.448000 -0.016088 0.085849
0.448500 0.064683 0.095078
0.449000 0.305706 0.086245
0.449500 -0.075378 0.097357
0.450000 -0.077490 0.095693
0.451000 0.074888 0.118296
0.452000 -0.190512 0.102973
0.453000 -0.103255 0.117612
0.454000 -0.084257 0.128947
0.455000 0.105798 0.154032
0.456000 0.264109 0.142047
0.457000 0.325584 0.121926
0.458000 -0.296249 0.151276
0.459000 -0.000487 0.211581
0.460000 0.159903 0.179085
0.461000 0.354296 0.171938
0.462000 -0.432079 0.166100
0.463000 0.408501 0.142003
0.464000 0.380364 0.172183
0.465000 -0.011845 0.191770
0.466000 -0.276598 0.168793
0.467000 -0.778442 0.067250
0.468000 0.038006 0.191976
0.469000 -0.093615 0.205129
0.470000 0.331200 0.188355
0.471000 0.843771 0.011737
0.472000 -0.650122 0.119208
0.473000 0.364776 0.229105
0.474000 0.863196 0.000740
0.475000 0.865210 0.000778
0.476000 -0.373421 0.191909
0.477000 -0.436817 0.205171
0.478000 0.079721 0.210406
0.479000 -0.629579 0.158149
0.480000 0.876993 0.000573
