0.350000 -0.880019 0.000155
0.360000 -0.919719 0.000176
0.370000 -0.962040 0.000184
0.380000 -1.006433 0.000181
0.390000 -1.054789 0.000185
0.400000 -1.106271 0.000205
0.401000 -1.111487 0.000194
0.402000 -1.117246 0.000211
0.403000 -1.122639 0.000209
0.404000 -1.128786 0.000202
0.405000 -1.133893 0.000201
0.406000 -1.138961 0.000238
0.407000 -1.145540 0.000216
0.408000 -1.151789 0.000213
0.409000 -1.156926 0.000225
0.410000 -1.162967 0.000217
0.411000 -1.169053 0.000242
0.412000 -1.174585 0.000223
0.413000 -1.181257 0.000238
0.414000 -1.187719 0.000217
0.415000 -1.193381 0.000247
0.416000 -1.199684 0.000219
0.417000 -1.206424 0.000240
0.418000 -1.213153 0.000241
0.419000 -1.219406 0.000282
0.420000 -1.226944 0.000280
0.421000 -1.233828 0.000295
0.422000 -1.241131 0.000274
0.423000 -1.247257 0.000304
0.424000 -1.254859 0.000322
0.425000 -1.263125 0.000351
0.426000 -1.270705 0.000361
0.427000 -1.279389 0.000406
0.428000 -1.287558 0.000446
0.429000 -1.294937 0.000429
0.430000 -1.304700 0.000503
0.431000 -1.314048 0.000510
0.432000 -1.321548 0.000585
0.433000 -1.335014 0.000676
0.434000 -1.344033 0.000705
0.435000 -1.358937 0.000664
0.436000 -1.368033 0.000671
0.437000 -1.381047 0.000614
0.438000 -1.391252 0.000696
0.439000 -1.410062 0.000563
0.440000 -1.412138 0.000856
0.441000 -1.426131 0.000646
0.442000 -1.435694 0.000630
0.443000 -1.447731 0.001125
0.444000 -1.457417 0.000562
0.445000 -1.467261 0.000746
0.446000 -1.478024 0.000588
0.447000 -1.490234 0.000375
0.448000 -1.496614 0.000646
0.449000 -1.506868 0.000325
0.450000 -1.514218 0.000304
0.460000 -1.581349 0.000207
0.470000 -1.634017 0.000205
0.480000 -1.677230 0.000197
