0.340000 -0.842266 0.000417
0.341000 -0.845381 0.000430
0.342000 -0.849143 0.000405
0.343000 -0.852709 0.000453
0.344000 -0.855628 0.000420
0.345000 -0.860707 0.000432
0.346000 -0.864862 0.000430
0.347000 -0.867996 0.000480
0.348000 -0.871884 0.000443
0.349000 -0.875590 0.000426
0.350000 -0.879627 0.000417
0.351000 -0.882864 0.000417
0.352000 -0.887367 0.000436
0.353000 -0.892199 0.000482
0.354000 -0.895712 0.000406
0.355000 -0.899065 0.000526
0.356000 -0.903311 0.000455
0.357000 -0.907560 0.000403
0.358000 -0.911831 0.000460
0.359000 -0.915960 0.000435
0.360000 -0.919562 0.000478
0.361000 -0.923835 0.000436
0.362000 -0.928551 0.000450
0.363000 -0.933151 0.000422
0.364000 -0.936532 0.000467
0.365000 -0.940964 0.000461
0.366000 -0.944740 0.000480
0.367000 -0.948603 0.000454
0.368000 -0.953484 0.000440
0.369000 -0.957527 0.000541
0.370000 -0.962006 0.000448
0.371000 -0.966665 0.000419
0.372000 -0.970271 0.000454
0.373000 -0.974953 0.000478
0.374000 -0.979494 0.000487
0.375000 -0.984176 0.000580
0.376000 -0.987375 0.000421
0.377000 -0.993020 0.000431
0.378000 -0.997642 0.000465
0.379000 -1.002150 0.000446
0.380000 -1.006748 0.000406
0.381000 -1.011231 0.000498
0.382000 -1.015692 0.000484
0.383000 -1.020554 0.000478
0.384000 -1.025417 0.000496
0.385000 -1.030570 0.000536
0.386000 -1.035915 0.000439
0.387000 -1.039711 0.000504
0.388000 -1.044429 0.000423
0.389000 -1.049192 0.000448
0.390000 -1.054190 0.000473
0.391000 -1.059491 0.000465
0.392000 -1.065143 0.000495
0.393000 -1.069115 0.000580
0.394000 -1.075329 0.000486
0.395000 -1.079263 0.000530
0.396000 -1.084787 0.000476
0.397000 -1.089693 0.000503
0.398000 -1.095078 0.000518
0.399000 -1.100269 0.000460
0.400000 -1.105628 0.000517
0.400500 -1.108850 0.000483
0.401000 -1.111736 0.000565
0.401500 -1.115152 0.000504
0.402000 -1.117028 0.000561
0.402500 -1.119358 0.000543
0.403000 -1.122325 0.000510
0.403500 -1.125793 0.000636
0.404000 -1.127724 0.000575
0.404500 -1.131388 0.000549
0.405000 -1.134197 0.000550
0.405500 -1.136715 0.000445
0.406000 -1.138938 0.000524
0.406500 -1.142690 0.000607
0.407000 -1.145643 0.000548
0.407500 -1.148589 0.000514
0.408000 -1.150492 0.000596
0.408500 -1.153471 0.000515
0.409000 -1.156696 0.000556
0.409500 -1.158901 0.000510
0.410000 -1.163175 0.000578
0.410500 -1.165430 0.000548
0.411000 -1.170012 0.000571
0.411500 -1.171347 0.000535
0.412000 -1.175319 0.000596
0.412500 -1.179674 0.000570
0.413000 -1.181195 0.000580
0.413500 -1.185968 0.000573
0.414000 -1.188704 0.000599
0.414500 -1.190647 0.000591
0.415000 -1.194801 0.000599
0.415500 -1.197870 0.000615
0.416000 -1.201311 0.000729
0.416500 -1.204381 0.000781
0.417000 -1.207278 0.000622
0.417500 -1.210654 0.000645
0.418000 -1.214543 0.000641
0.418500 -1.217625 0.000739
0.419000 -1.222202 0.000654
0.419500 -1.224904 0.000657
0.420000 -1.227916 0.000779
0.420500 -1.232441 0.000824
0.421000 -1.236107 0.000802
0.421500 -1.238788 0.000707
0.422000 -1.242718 0.000730
0.422500 -1.246430 0.000967
0.423000 -1.249211 0.000866
0.423500 -1.253923 0.001033
0.424000 -1.258937 0.000808
0.424500 -1.261751 0.000888
0.425000 -1.267358 0.000897
0.425500 -1.269675 0.000874
0.426000 -1.274961 0.000915
0.426500 -1.278702 0.000868
0.427000 -1.285232 0.000996
0.427500 -1.288825 0.001003
0.428000 -1.292566 0.001017
0.428500 -1.297571 0.001159
0.429000 -1.302608 0.001337
0.429500 -1.307057 0.001306
0.430000 -1.312378 0.001540
0.430500 -1.316295 0.001162
0.431000 -1.325602 0.001227
0.431500 -1.327824 0.001317
0.432000 -1.332874 0.001279
0.432500 -1.339836 0.001376
0.433000 -1.339734 0.001052
0.433500 -1.344898 0.001547
0.434000 -1.351224 0.001669
0.434500 -1.357082 0.001266
0.435000 -1.358684 0.001201
0.435500 -1.364606 0.001300
0.436000 -1.377523 0.001250
0.436500 -1.379948 0.001348
0.437000 -1.387088 0.001327
0.437500 -1.395567 0.001521
0.438000 -1.390853 0.001641
0.438500 -1.402304 0.001415
0.439000 -1.410384 0.001852
0.439500 -1.408866 0.001909
0.440000 -1.413885 0.001477
0.440500 -1.423764 0.001378
0.441000 -1.433146 0.001071
0.441500 -1.436248 0.001366
0.442000 -1.444824 0.001055
0.442500 -1.444392 0.001522
0.443000 -1.452731 0.001050
0.443500 -1.458329 0.001039
0.444000 -1.460200 0.001276
0.444500 -1.465011 0.001392
0.445000 -1.471996 0.000927
0.445500 -1.475433 0.000910
0.446000 -1.480129 0.001158
0.446500 -1.483848 0.001124
0.447000 -1.489922 0.000799
0.447500 -1.493325 0.001078
0.448000 -1.497731 0.000894
0.448500 -1.498284 0.000946
0.449000 -1.505729 0.000690
0.449500 -1.508468 0.000947
0.450000 -1.514184 0.000785
0.451000 -1.520785 0.000751
0.452000 -1.529645 0.000627
0.453000 -1.535852 0.000600
0.454000 -1.543362 0.000772
0.455000 -1.550149 0.000678
0.456000 -1.555995 0.000783
0.457000 -1.562728 0.000663
0.458000 -1.568976 0.000577
0.459000 -1.575529 0.000603
0.460000 -1.580756 0.000670
0.461000 -1.587852 0.000539
0.462000 -1.591848 0.000679
0.463000 -1.598325 0.000569
0.464000 -1.604534 0.000587
0.465000 -1.609191 0.000547
0.466000 -1.614834 0.000597
0.467000 -1.620369 0.000485
0.468000 -1.624632 0.000474
0.469000 -1.629962 0.000496
0.470000 -1.634677 0.000462
0.471000 -1.639236 0.000489
0.472000 -1.643676 0.000516
0.473000 -1.648419 0.000487
0.474000 -1.653329 0.000447
0.475000 -1.657476 0.000436
0.476000 -1.660972 0.000478
0.477000 -1.666084 0.000478
0.478000 -1.670106 0.000430
0.479000 -1.673711 0.000451
0.480000 -1.678028 0.000444
