0.340000 -0.841384 0.000582
0.341000 -0.846213 0.000453
0.342000 -0.848691 0.000444
0.343000 -0.852830 0.000490
0.344000 -0.856827 0.000399
0.345000 -0.860975 0.000532
0.346000 -0.863591 0.000494
0.347000 -0.868610 0.000448
0.348000 -0.871976 0.000471
0.349000 -0.875719 0.000438
0.350000 -0.880354 0.000512
0.351000 -0.884605 0.000440
0.352000 -0.887072 0.000439
0.353000 -0.891883 0.000565
0.354000 -0.895056 0.000494
0.355000 -0.899102 0.000469
0.356000 -0.903871 0.000513
0.357000 -0.907248 0.000458
0.358000 -0.911583 0.000575
0.359000 -0.915773 0.000526
0.360000 -0.920337 0.000545
0.361000 -0.924059 0.000490
0.362000 -0.928279 0.000490
0.363000 -0.932196 0.000490
0.364000 -0.935930 0.000529
0.365000 -0.939828 0.000469
0.366000 -0.944538 0.000552
0.367000 -0.949607 0.000519
0.368000 -0.953328 0.000490
0.369000 -0.956864 0.000484
0.370000 -0.962662 0.000498
0.371000 -0.965766 0.000533
0.372000 -0.970755 0.000486
0.373000 -0.975616 0.000467
0.374000 -0.979763 0.000528
0.375000 -0.984112 0.000608
0.376000 -0.988231 0.000571
0.377000 -0.993507 0.000519
0.378000 -0.997560 0.000513
0.379000 -1.001825 0.000535
0.380000 -1.006769 0.000496
0.381000 -1.010742 0.000537
0.382000 -1.015369 0.000547
0.383000 -1.020805 0.000500
0.384000 -1.025954 0.000533
0.385000 -1.030773 0.000626
0.386000 -1.034869 0.000522
0.387000 -1.039546 0.000478
0.388000 -1.043964 0.000522
0.389000 -1.049666 0.000555
0.390000 -1.055171 0.000568
0.391000 -1.059888 0.000510
0.392000 -1.063671 0.000490
0.393000 -1.070011 0.000571
0.394000 -1.074282 0.000543
0.395000 -1.079962 0.000507
0.396000 -1.085080 0.000619
0.397000 -1.090894 0.000562
0.398000 -1.095864 0.000549
0.399000 -1.100217 0.000574
0.400000 -1.106983 0.000585
0.400500 -1.109713 0.000546
0.401000 -1.111125 0.000615
0.401500 -1.112848 0.000605
0.402000 -1.117760 0.000558
0.402500 -1.119528 0.000604
0.403000 -1.123256 0.000601
0.403500 -1.125069 0.000593
0.404000 -1.128410 0.000597
0.404500 -1.131863 0.000652
0.405000 -1.133420 0.000744
0.405500 -1.137495 0.000583
0.406000 -1.139906 0.000684
0.406500 -1.142103 0.000569
0.407000 -1.145248 0.000655
0.407500 -1.148734 0.000598
0.408000 -1.151907 0.000604
0.408500 -1.153936 0.000583
0.409000 -1.156838 0.000603
0.409500 -1.159664 0.000610
0.410000 -1.163388 0.000639
0.410500 -1.166878 0.000585
0.411000 -1.169920 0.000630
0.411500 -1.172833 0.000607
0.412000 -1.175519 0.000668
0.412500 -1.177513 0.000670
0.413000 -1.182048 0.000614
0.413500 -1.185022 0.000645
0.414000 -1.188511 0.000764
0.414500 -1.190997 0.000641
0.415000 -1.194669 0.000625
0.415500 -1.199142 0.000699
0.416000 -1.202576 0.000748
0.416500 -1.204970 0.000731
0.417000 -1.209328 0.000628
0.417500 -1.211220 0.000762
0.418000 -1.215377 0.000780
0.418500 -1.218861 0.000738
0.419000 -1.223272 0.000727
0.419500 -1.225991 0.000798
0.420000 -1.230139 0.000816
0.420500 -1.235078 0.000814
0.421000 -1.236640 0.000750
0.421500 -1.241452 0.000794
0.422000 -1.245617 0.000942
0.422500 -1.246487 0.000793
0.423000 -1.251735 0.000948
0.423500 -1.256389 0.000940
0.424000 -1.260827 0.000961
0.424500 -1.264527 0.000935
0.425000 -1.268602 0.001075
0.425500 -1.273650 0.001039
0.426000 -1.278054 0.000916
0.426500 -1.282437 0.001106
0.427000 -1.284731 0.000976
0.427500 -1.290336 0.001104
0.428000 -1.296439 0.001327
0.428500 -1.299756 0.001136
0.429000 -1.302714 0.001245
0.429500 -1.309405 0.001227
0.430000 -1.311884 0.001191
0.430500 -1.319806 0.001117
0.431000 -1.323842 0.001854
0.431500 -1.328904 0.001292
0.432000 -1.332749 0.001439
0.432500 -1.338781 0.001451
0.433000 -1.346048 0.001775
0.433500 -1.348737 0.001581
0.434000 -1.356216 0.001330
0.434500 -1.364760 0.001319
0.435000 -1.370557 0.001464
0.435500 -1.373551 0.001357
0.436000 -1.376583 0.001379
0.436500 -1.380313 0.001388
0.437000 -1.389698 0.001433
0.437500 -1.397610 0.001274
0.438000 -1.399614 0.001462
0.438500 -1.408567 0.001670
0.439000 -1.408944 0.001516
0.439500 -1.413671 0.001466
0.440000 -1.418114 0.001635
0.440500 -1.425013 0.001151
0.441000 -1.430546 0.001196
0.441500 -1.439286 0.001312
0.442000 -1.440107 0.001268
0.442500 -1.444061 0.001307
0.443000 -1.452463 0.001071
0.443500 -1.454314 0.001317
0.444000 -1.460889 0.001045
0.444500 -1.463871 0.001342
0.445000 -1.467132 0.001406
0.445500 -1.473831 0.001181
0.446000 -1.476874 0.001759
0.446500 -1.483667 0.001121
0.447000 -1.487951 0.001005
0.447500 -1.494517 0.000858
0.448000 -1.495406 0.001032
0.448500 -1.504005 0.000886
0.449000 -1.508185 0.000964
0.449500 -1.510579 0.000825
0.450000 -1.511531 0.001005
0.451000 -1.520530 0.000991
0.452000 -1.528933 0.000836
0.453000 -1.536563 0.000924
0.454000 -1.541507 0.000876
0.455000 -1.550952 0.000658
0.456000 -1.555424 0.000615
0.457000 -1.562615 0.000744
0.458000 -1.568688 0.000628
0.459000 -1.575316 0.000658
0.460000 -1.581089 0.000702
0.461000 -1.586322 0.000616
0.462000 -1.591388 0.000588
0.463000 -1.597362 0.000617
0.464000 -1.603648 0.000555
0.465000 -1.608399 0.000599
0.466000 -1.614174 0.000548
0.467000 -1.618833 0.000646
0.468000 -1.624456 0.000604
0.469000 -1.628479 0.000578
0.470000 -1.633351 0.000557
0.471000 -1.638922 0.000724
0.472000 -1.643529 0.000577
0.473000 -1.647839 0.000495
0.474000 -1.652437 0.000556
0.475000 -1.657445 0.000523
0.476000 -1.661038 0.000504
0.477000 -1.665715 0.000497
0.478000 -1.668394 0.000477
0.479000 -1.673248 0.000610
0.480000 -1.677231 0.000482
