0.340000 -0.842381 0.000573
0.341000 -0.845620 0.000608
0.342000 -0.849934 0.000640
0.343000 -0.853245 0.000552
0.344000 -0.856226 0.000618
0.345000 -0.860350 0.000847
0.346000 -0.863944 0.000523
0.347000 -0.867964 0.000615
0.348000 -0.872108 0.000624
0.349000 -0.875454 0.000594
0.350000 -0.879709 0.000624
0.351000 -0.883415 0.000655
0.352000 -0.888453 0.000682
0.353000 -0.891364 0.000606
0.354000 -0.895403 0.000577
0.355000 -0.898509 0.000570
0.356000 -0.903669 0.000599
0.357000 -0.907088 0.000649
0.358000 -0.910949 0.000741
0.359000 -0.915747 0.000571
0.360000 -0.920213 0.000635
0.361000 -0.924297 0.000694
0.362000 -0.928480 0.000563
0.363000 -0.932362 0.000739
0.364000 -0.936127 0.000654
0.365000 -0.940437 0.000609
0.366000 -0.945682 0.000608
0.367000 -0.949160 0.000662
0.368000 -0.953335 0.000680
0.369000 -0.959263 0.000670
0.370000 -0.962315 0.000625
0.371000 -0.966306 0.000660
0.372000 -0.971621 0.000648
0.373000 -0.976157 0.000663
0.374000 -0.978296 0.000631
0.375000 -0.985087 0.000682
0.376000 -0.988316 0.000585
0.377000 -0.992961 0.000782
0.378000 -0.997869 0.000713
0.379000 -1.002025 0.000656
0.380000 -1.006280 0.000642
0.381000 -1.011492 0.000742
0.382000 -1.015665 0.000682
0.383000 -1.019806 0.000799
0.384000 -1.026332 0.000784
0.385000 -1.030817 0.000811
0.386000 -1.035918 0.000769
0.387000 -1.039067 0.000661
0.388000 -1.044494 0.000647
0.389000 -1.048763 0.000681
0.390000 -1.054090 0.000756
0.391000 -1.059235 0.000723
0.392000 -1.065261 0.000637
0.393000 -1.070932 0.000706
0.394000 -1.075275 0.000667
0.395000 -1.079127 0.000736
0.396000 -1.086095 0.000858
0.397000 -1.089515 0.000754
0.398000 -1.096875 0.000728
0.399000 -1.100776 0.000710
0.400000 -1.106423 0.000866
0.400500 -1.108796 0.000862
0.401000 -1.110633 0.000700
0.401500 -1.115283 0.000745
0.402000 -1.118141 0.000889
0.402500 -1.119205 0.000768
0.403000 -1.123459 0.000756
0.403500 -1.126454 0.000757
0.404000 -1.129146 0.000776
0.404500 -1.132068 0.000741
0.405000 -1.135431 0.000969
0.405500 -1.137989 0.001004
0.406000 -1.140247 0.000723
0.406500 -1.144134 0.000888
0.407000 -1.145740 0.000755
0.407500 -1.150144 0.000796
0.408000 -1.153063 0.000843
0.408500 -1.154742 0.000774
0.409000 -1.159534 0.000834
0.409500 -1.161756 0.000839
0.410000 -1.165072 0.000811
0.410500 -1.167922 0.000763
0.411000 -1.171684 0.000859
0.411500 -1.175634 0.001042
0.412000 -1.178462 0.000995
0.412500 -1.179590 0.000897
0.413000 -1.184713 0.000883
0.413500 -1.188668 0.000886
0.414000 -1.190025 0.000895
0.414500 -1.194657 0.000943
0.415000 -1.196188 0.000916
0.415500 -1.201879 0.000895
0.416000 -1.203694 0.000907
0.416500 -1.208146 0.000858
0.417000 -1.211456 0.001107
0.417500 -1.217074 0.000914
0.418000 -1.218995 0.001022
0.418500 -1.221974 0.000974
0.419000 -1.226591 0.001007
0.419500 -1.230765 0.001195
0.420000 -1.234810 0.001060
0.420500 -1.238977 0.000964
0.421000 -1.242814 0.001324
0.421500 -1.245613 0.001232
0.422000 -1.251689 0.001126
0.422500 -1.255393 0.001269
0.423000 -1.259333 0.001214
0.423500 -1.261306 0.001125
0.424000 -1.265388 0.001124
0.424500 -1.271961 0.001272
0.425000 -1.276345 0.001139
0.425500 -1.281541 0.001115
0.426000 -1.284760 0.001482
0.426500 -1.291072 0.001366
0.427000 -1.294106 0.001287
0.427500 -1.297253 0.001367
0.428000 -1.306066 0.001302
0.428500 -1.310171 0.001243
0.429000 -1.311716 0.001334
0.429500 -1.316067 0.001304
0.430000 -1.322304 0.001350
0.430500 -1.325566 0.001434
0.431000 -1.330456 0.001487
0.431500 -1.333741 0.001857
0.432000 -1.346456 0.001528
0.432500 -1.347092 0.001386
0.433000 -1.352014 0.001576
0.433500 -1.357503 0.001860
0.434000 -1.366691 0.001421
0.434500 -1.370088 0.001424
0.435000 -1.373996 0.001582
0.435500 -1.381917 0.001458
0.436000 -1.382807 0.001281
0.436500 -1.389424 0.001508
0.437000 -1.395935 0.001744
0.437500 -1.399715 0.001554
0.438000 -1.406069 0.001520
0.438500 -1.410246 0.001523
0.439000 -1.417031 0.001655
0.439500 -1.416287 0.001466
0.440000 -1.422779 0.001409
0.440500 -1.429539 0.001355
0.441000 -1.435992 0.001404
0.441500 -1.436965 0.001424
0.442000 -1.443799 0.001592
0.442500 -1.447311 0.001515
0.443000 -1.454858 0.001268
0.443500 -1.456314 0.001356
0.444000 -1.463475 0.001305
0.444500 -1.468448 0.001223
0.445000 -1.469209 0.001256
0.445500 -1.474819 0.001359
0.446000 -1.478908 0.001412
0.446500 -1.486184 0.001262
0.447000 -1.490443 0.001613
0.447500 -1.495491 0.001284
0.448000 -1.500725 0.001283
0.448500 -1.500267 0.001176
0.449000 -1.503318 0.001328
0.449500 -1.509768 0.001100
0.450000 -1.512295 0.001069
0.451000 -1.519705 0.001187
0.452000 -1.526039 0.001106
0.453000 -1.536150 0.000925
0.454000 -1.542314 0.001044
0.455000 -1.549518 0.000934
0.456000 -1.554543 0.000867
0.457000 -1.560903 0.000879
0.458000 -1.568218 0.000896
0.459000 -1.575400 0.000834
0.460000 -1.582388 0.000900
0.461000 -1.585994 0.001069
0.462000 -1.592698 0.000933
0.463000 -1.597502 0.000919
0.464000 -1.604395 0.000776
0.465000 -1.609418 0.000761
0.466000 -1.614394 0.000757
0.467000 -1.619986 0.000617
0.468000 -1.624724 0.000679
0.469000 -1.632071 0.000675
0.470000 -1.634377 0.000661
0.471000 -1.637920 0.000869
0.472000 -1.643056 0.000758
0.473000 -1.649232 0.000669
0.474000 -1.651812 0.000693
0.475000 -1.655937 0.000714
0.476000 -1.661272 0.000601
0.477000 -1.665246 0.000671
0.478000 -1.668476 0.000598
0.479000 -1.674654 0.000662
0.480000 -1.678623 0.000667
