0.340000 -0.841251 0.000718
0.341000 -0.844506 0.000709
0.342000 -0.849911 0.000695
0.343000 -0.852305 0.000755
0.344000 -0.855969 0.000663
0.345000 -0.860171 0.000706
0.346000 -0.864551 0.000876
0.347000 -0.867711 0.000771
0.348000 -0.873658 0.000740
0.349000 -0.875146 0.000810
0.350000 -0.878407 0.000752
0.351000 -0.884599 0.000647
0.352000 -0.887328 0.000761
0.353000 -0.891552 0.000682
0.354000 -0.896438 0.000781
0.355000 -0.900520 0.000802
0.356000 -0.901907 0.000708
0.357000 -0.906995 0.000760
0.358000 -0.911445 0.000693
0.359000 -0.914926 0.000693
0.360000 -0.919618 0.000826
0.361000 -0.923615 0.000828
0.362000 -0.926886 0.000756
0.363000 -0.931956 0.000735
0.364000 -0.936603 0.000757
0.365000 -0.940131 0.000830
0.366000 -0.945366 0.000718
0.367000 -0.949521 0.000846
0.368000 -0.953359 0.000755
0.369000 -0.957922 0.000715
0.370000 -0.961648 0.000782
0.371000 -0.967457 0.000921
0.372000 -0.970648 0.000828
0.373000 -0.975254 0.000883
0.374000 -0.977922 0.000762
0.375000 -0.985266 0.000912
0.376000 -0.988726 0.000689
0.377000 -0.992017 0.000800
0.378000 -0.998489 0.000743
0.379000 -1.001227 0.000845
0.380000 -1.006195 0.000796
0.381000 -1.010641 0.000739
0.382000 -1.016306 0.000804
0.383000 -1.021454 0.000772
0.384000 -1.025648 0.000886
0.385000 -1.031018 0.000808
0.386000 -1.034861 0.000880
0.387000 -1.041126 0.000904
0.388000 -1.045315 0.000792
0.389000 -1.049393 0.000827
0.390000 -1.055954 0.000934
0.391000 -1.060408 0.000861
0.392000 -1.064678 0.000816
0.393000 -1.070316 0.000832
0.394000 -1.075214 0.000896
0.395000 -1.079066 0.000853
0.396000 -1.086014 0.000899
0.397000 -1.091156 0.000943
0.398000 -1.097534 0.000854
0.399000 -1.102745 0.000945
0.400000 -1.107694 0.000844
0.400500 -1.110695 0.000809
0.401000 -1.113508 0.000969
0.401500 -1.116054 0.000858
0.402000 -1.117549 0.000795
0.402500 -1.121091 0.000921
0.403000 -1.125788 0.000982
0.403500 -1.127401 0.001052
0.404000 -1.130023 0.000861
0.404500 -1.134250 0.000838
0.405000 -1.136800 0.000951
0.405500 -1.139199 0.000933
0.406000 -1.141565 0.000894
0.406500 -1.146104 0.001167
0.407000 -1.150192 0.001106
0.407500 -1.152459 0.001003
0.408000 -1.156138 0.001012
0.408500 -1.159889 0.000982
0.409000 -1.162214 0.001002
0.409500 -1.165906 0.001195
0.410000 -1.167620 0.000962
0.410500 -1.172236 0.001002
0.411000 -1.173581 0.000975
0.411500 -1.175733 0.001130
0.412000 -1.182033 0.001031
0.412500 -1.185133 0.001025
0.413000 -1.186187 0.001134
0.413500 -1.191596 0.001065
0.414000 -1.195996 0.001138
0.414500 -1.199085 0.001030
0.415000 -1.203229 0.000962
0.415500 -1.207656 0.001018
0.416000 -1.209794 0.001074
0.416500 -1.214424 0.001268
0.417000 -1.218020 0.001198
0.417500 -1.218515 0.001247
0.418000 -1.224934 0.001043
0.418500 -1.229499 0.001190
0.419000 -1.232838 0.001124
0.419500 -1.237412 0.001308
0.420000 -1.241504 0.001180
0.420500 -1.244617 0.001271
0.421000 -1.249142 0.001285
0.421500 -1.253546 0.001240
0.422000 -1.257760 0.001213
0.422500 -1.260079 0.001196
0.423000 -1.265663 0.001369
0.423500 -1.269000 0.001485
0.424000 -1.276020 0.001521
0.424500 -1.280525 0.001347
0.425000 -1.284562 0.001411
0.425500 -1.287748 0.001514
0.426000 -1.290973 0.001425
0.426500 -1.299950 0.001459
0.427000 -1.299925 0.001766
0.427500 -1.305704 0.001551
0.428000 -1.312556 0.001395
0.428500 -1.314035 0.001522
0.429000 -1.320427 0.001339
0.429500 -1.325883 0.001371
0.430000 -1.329917 0.001612
0.430500 -1.336287 0.001720
0.431000 -1.339393 0.001811
0.431500 -1.346102 0.001298
0.432000 -1.349573 0.001569
0.432500 -1.355196 0.001546
0.433000 -1.359672 0.001813
0.433500 -1.366015 0.001554
0.434000 -1.371192 0.001745
0.434500 -1.375041 0.001488
0.435000 -1.379534 0.001494
0.435500 -1.383857 0.001633
0.436000 -1.388964 0.001803
0.436500 -1.395439 0.001525
0.437000 -1.398970 0.001606
0.437500 -1.402849 0.001559
0.438000 -1.408088 0.001595
0.438500 -1.415283 0.001379
0.439000 -1.419515 0.001417
0.439500 -1.424580 0.002130
0.440000 -1.429348 0.001788
0.440500 -1.434758 0.001767
0.441000 -1.437481 0.001703
0.441500 -1.444811 0.001513
0.442000 -1.445698 0.001532
0.442500 -1.452799 0.001404
0.443000 -1.456428 0.001339
0.443500 -1.460968 0.001374
0.444000 -1.465500 0.001343
0.444500 -1.468260 0.001425
0.445000 -1.476045 0.001698
0.445500 -1.478124 0.001309
0.446000 -1.483844 0.001317
0.446500 -1.486879 0.001360
0.447000 -1.490707 0.001348
0.447500 -1.493028 0.001303
0.448000 -1.498622 0.001209
0.448500 -1.501724 0.001314
0.449000 -1.506819 0.001312
0.449500 -1.510668 0.001311
0.450000 -1.513253 0.001305
0.451000 -1.520030 0.001282
0.452000 -1.528805 0.001071
0.453000 -1.536208 0.001165
0.454000 -1.543700 0.001093
0.455000 -1.548147 0.001082
0.456000 -1.556443 0.001049
0.457000 -1.562109 0.001097
0.458000 -1.568116 0.000945
0.459000 -1.575387 0.000913
0.460000 -1.583015 0.000955
0.461000 -1.587772 0.000911
0.462000 -1.595097 0.000894
0.463000 -1.597865 0.000877
0.464000 -1.603841 0.000981
0.465000 -1.608984 0.000848
0.466000 -1.614479 0.000882
0.467000 -1.619606 0.000903
0.468000 -1.625600 0.000823
0.469000 -1.627933 0.000893
0.470000 -1.634019 0.000773
0.471000 -1.639224 0.000957
0.472000 -1.644646 0.000767
0.473000 -1.647109 0.000792
0.474000 -1.651991 0.000772
0.475000 -1.656956 0.000713
0.476000 -1.660269 0.000707
0.477000 -1.664908 0.000736
0.478000 -1.669773 0.000742
0.479000 -1.672653 0.000847
0.480000 -1.677799 0.000695
