0.350000 -0.879773 0.000207
0.360000 -0.919756 0.000231
0.370000 -0.961966 0.000218
0.380000 -1.006874 0.000281
0.390000 -1.054334 0.000253
0.400000 -1.105878 0.000254
0.401000 -1.111605 0.000241
0.402000 -1.116883 0.000260
0.403000 -1.122438 0.000233
0.404000 -1.128067 0.000256
0.405000 -1.133754 0.000251
0.406000 -1.139544 0.000260
0.407000 -1.144864 0.000273
0.408000 -1.151168 0.000243
0.409000 -1.156933 0.000267
0.410000 -1.163084 0.000268
0.411000 -1.169030 0.000286
0.412000 -1.174752 0.000323
0.413000 -1.180857 0.000331
0.414000 -1.187459 0.000273
0.415000 -1.193804 0.000286
0.416000 -1.199914 0.000278
0.417000 -1.206641 0.000276
0.418000 -1.213379 0.000304
0.419000 -1.220412 0.000325
0.420000 -1.227183 0.000346
0.421000 -1.233707 0.000327
0.422000 -1.241612 0.000345
0.423000 -1.248452 0.000363
0.424000 -1.255674 0.000394
0.425000 -1.263951 0.000415
0.426000 -1.272551 0.000433
0.427000 -1.280152 0.000497
0.428000 -1.289987 0.000492
0.429000 -1.296568 0.000696
0.430000 -1.307602 0.000440
0.430500 -1.313687 0.000473
0.431000 -1.315778 0.000450
0.431500 -1.320113 0.000388
0.432000 -1.324529 0.000557
0.432500 -1.330340 0.000581
0.433000 -1.336416 0.000450
0.433500 -1.340784 0.000468
0.434000 -1.345910 0.000665
0.434500 -1.352611 0.000411
0.435000 -1.362489 0.000501
0.435500 -1.362215 0.000456
0.436000 -1.366853 0.000714
0.436500 -1.375628 0.000472
0.437000 -1.382729 0.000522
0.437500 -1.385479 0.000555
0.438000 -1.390334 0.000652
0.438500 -1.400772 0.000706
0.439000 -1.400637 0.000554
0.439500 -1.407253 0.000610
0.440000 -1.417100 0.000450
0.440500 -1.419134 0.000612
0.441000 -1.426094 0.000618
0.441500 -1.434097 0.000581
0.442000 -1.439409 0.000514
0.442500 -1.442310 0.000604
0.443000 -1.449093 0.000481
0.443500 -1.456318 0.000416
0.444000 -1.459386 0.000361
0.444500 -1.461406 0.000420
0.445000 -1.469420 0.000388
0.445500 -1.476591 0.000296
0.446000 -1.480864 0.000300
0.446500 -1.483137 0.000466
0.447000 -1.489319 0.000295
0.447500 -1.493684 0.000289
0.448000 -1.498312 0.000289
0.448500 -1.499060 0.000389
0.449000 -1.504401 0.000279
0.449500 -1.509091 0.000318
0.450000 -1.512601 0.000419
0.450500 -1.515023 0.000345
0.460000 -1.580192 0.000257
0.470000 -1.634707 0.000299
0.480000 -1.677732 0.000203
0.400500 -1.108546 0.000237
0.401500 -1.113993 0.000240
0.402500 -1.119773 0.000234
0.403500 -1.125139 0.000293
0.404500 -1.130749 0.000258
0.405500 -1.135876 0.000250
0.406500 -1.142188 0.000262
0.407500 -1.147421 0.000237
0.408500 -1.153743 0.000248
0.409500 -1.159833 0.000297
0.410500 -1.165911 0.000260
0.411500 -1.171660 0.000286
0.412500 -1.178229 0.000244
0.413500 -1.184109 0.000274
0.414500 -1.190374 0.000258
0.415500 -1.197035 0.000308
0.416500 -1.203426 0.000318
0.417500 -1.210151 0.000324
0.418500 -1.216552 0.000313
0.419500 -1.223887 0.000315
0.420500 -1.230447 0.000299
0.421500 -1.237033 0.000319
0.422500 -1.244862 0.000329
0.423500 -1.252670 0.000407
0.424500 -1.259737 0.000374
0.425500 -1.268000 0.000430
0.426500 -1.276723 0.000639
0.427500 -1.284392 0.000466
0.428500 -1.292964 0.000555
0.429500 -1.303030 0.000617
