0.340000 -0.842096 0.000520
0.341000 -0.845967 0.000627
0.342000 -0.848171 0.000640
0.343000 -0.852875 0.000513
0.344000 -0.856924 0.000501
0.345000 -0.860804 0.000479
0.346000 -0.864730 0.000575
0.347000 -0.867487 0.000570
0.348000 -0.872240 0.000617
0.349000 -0.875748 0.000542
0.350000 -0.879133 0.000483
0.351000 -0.883482 0.000493
0.352000 -0.887612 0.000590
0.353000 -0.891737 0.000513
0.354000 -0.895934 0.000525
0.355000 -0.899241 0.000519
0.356000 -0.904343 0.000559
0.357000 -0.906790 0.000510
0.358000 -0.911590 0.000538
0.359000 -0.915878 0.000505
0.360000 -0.920196 0.000524
0.361000 -0.924280 0.000579
0.362000 -0.927428 0.000550
0.363000 -0.931374 0.000650
0.364000 -0.936410 0.000570
0.365000 -0.940220 0.000660
0.366000 -0.945098 0.000552
0.367000 -0.948759 0.000615
0.368000 -0.953796 0.000613
0.369000 -0.957181 0.000545
0.370000 -0.962210 0.000519
0.371000 -0.966355 0.000614
0.372000 -0.971041 0.000548
0.373000 -0.975194 0.000578
0.374000 -0.979029 0.000586
0.375000 -0.983571 0.000690
0.376000 -0.988487 0.000575
0.377000 -0.992309 0.000621
0.378000 -0.996845 0.000611
0.379000 -1.002355 0.000711
0.380000 -1.005451 0.000586
0.381000 -1.010237 0.000682
0.382000 -1.015556 0.000616
0.383000 -1.020694 0.000558
0.384000 -1.025268 0.000648
0.385000 -1.029831 0.000709
0.386000 -1.034693 0.000568
0.387000 -1.039649 0.000607
0.388000 -1.044072 0.000589
0.389000 -1.049794 0.000634
0.390000 -1.054486 0.000588
0.391000 -1.060495 0.000593
0.392000 -1.065002 0.000733
0.393000 -1.069553 0.000632
0.394000 -1.074465 0.000635
0.395000 -1.080391 0.000586
0.396000 -1.084905 0.000594
0.397000 -1.090956 0.000660
0.398000 -1.095869 0.000584
0.399000 -1.101730 0.000655
0.400000 -1.105171 0.000686
0.400500 -1.108462 0.000670
0.401000 -1.111550 0.000648
0.401500 -1.114137 0.000623
0.402000 -1.118177 0.000691
0.402500 -1.121925 0.000660
0.403000 -1.121788 0.000728
0.403500 -1.126562 0.000660
0.404000 -1.128510 0.000674
0.404500 -1.131826 0.000649
0.405000 -1.134378 0.000628
0.405500 -1.137682 0.000669
0.406000 -1.139281 0.000663
0.406500 -1.142878 0.000661
0.407000 -1.145834 0.000773
0.407500 -1.147972 0.000725
0.408000 -1.152940 0.000630
0.408500 -1.155457 0.000749
0.409000 -1.158470 0.000667
0.409500 -1.161356 0.000611
0.410000 -1.163764 0.000664
0.410500 -1.166991 0.000685
0.411000 -1.169792 0.000709
0.411500 -1.172705 0.000707
0.412000 -1.175532 0.000758
0.412500 -1.179857 0.000695
0.413000 -1.182783 0.000705
0.413500 -1.186354 0.000789
0.414000 -1.190994 0.000653
0.414500 -1.192704 0.000756
0.415000 -1.196064 0.000774
0.415500 -1.199729 0.000755
0.416000 -1.203196 0.000779
0.416500 -1.205561 0.000802
0.417000 -1.209293 0.000768
0.417500 -1.213013 0.001020
0.418000 -1.217204 0.000841
0.418500 -1.220805 0.000818
0.419000 -1.222905 0.000919
0.419500 -1.226903 0.000904
0.420000 -1.230973 0.000898
0.420500 -1.236068 0.000990
0.421000 -1.240088 0.001082
0.421500 -1.243927 0.001027
0.422000 -1.248630 0.000960
0.422500 -1.251995 0.000973
0.423000 -1.252174 0.000925
0.423500 -1.260864 0.001023
0.424000 -1.262481 0.001089
0.424500 -1.267269 0.001012
0.425000 -1.271366 0.001060
0.425500 -1.276928 0.001001
0.426000 -1.279732 0.001272
0.426500 -1.286755 0.001228
0.427000 -1.288980 0.001518
0.427500 -1.296542 0.001346
0.428000 -1.296259 0.001493
0.428500 -1.299901 0.001135
0.429000 -1.310499 0.001265
0.429500 -1.313861 0.001059
0.430000 -1.318358 0.001708
0.430500 -1.323555 0.001330
0.431000 -1.325090 0.001278
0.431500 -1.334850 0.001197
0.432000 -1.339924 0.001265
0.432500 -1.344941 0.001416
0.433000 -1.347174 0.001423
0.433500 -1.353313 0.001541
0.434000 -1.360025 0.001294
0.434500 -1.363967 0.001471
0.435000 -1.367768 0.001270
0.435500 -1.373739 0.001300
0.436000 -1.379951 0.001549
0.436500 -1.385617 0.001286
0.437000 -1.393558 0.001471
0.437500 -1.396648 0.001362
0.438000 -1.403476 0.001331
0.438500 -1.409394 0.001520
0.439000 -1.412822 0.001429
0.439500 -1.418675 0.001451
0.440000 -1.423631 0.001341
0.440500 -1.425023 0.001714
0.441000 -1.434153 0.001299
0.441500 -1.439415 0.001327
0.442000 -1.446027 0.001262
0.442500 -1.447636 0.001411
0.443000 -1.450502 0.001480
0.443500 -1.456321 0.001175
0.444000 -1.462034 0.001287
0.444500 -1.467725 0.001446
0.445000 -1.472350 0.001098
0.445500 -1.477987 0.001001
0.446000 -1.478991 0.001117
0.446500 -1.484822 0.001283
0.447000 -1.488781 0.001234
0.447500 -1.492530 0.001064
0.448000 -1.496209 0.001039
0.448500 -1.501651 0.001018
0.449000 -1.505730 0.001086
0.449500 -1.509296 0.001028
0.450000 -1.512804 0.000930
0.451000 -1.521559 0.000974
0.452000 -1.530160 0.000831
0.453000 -1.535249 0.000872
0.454000 -1.542538 0.000773
0.455000 -1.550353 0.000785
0.456000 -1.554976 0.000734
0.457000 -1.562942 0.000763
0.458000 -1.568675 0.000716
0.459000 -1.574788 0.000674
0.460000 -1.581107 0.000721
0.461000 -1.587719 0.000829
0.462000 -1.592817 0.000650
0.463000 -1.597614 0.000692
0.464000 -1.603817 0.000687
0.465000 -1.609977 0.000580
0.466000 -1.614365 0.000624
0.467000 -1.618378 0.000618
0.468000 -1.623450 0.000619
0.469000 -1.629978 0.000611
0.470000 -1.633925 0.000577
0.471000 -1.637624 0.000584
0.472000 -1.644529 0.000598
0.473000 -1.648158 0.000632
0.474000 -1.653450 0.000579
0.475000 -1.657181 0.000560
0.476000 -1.661438 0.000553
0.477000 -1.666073 0.000499
0.478000 -1.668893 0.000553
0.479000 -1.672950 0.000542
0.480000 -1.677461 0.000559
