0.340000 -0.843111 0.001349
0.341000 -0.846398 0.001506
0.342000 -0.849015 0.001589
0.343000 -0.857232 0.001498
0.344000 -0.858588 0.001621
0.345000 -0.864137 0.001478
0.346000 -0.866544 0.001406
0.347000 -0.870722 0.001725
0.348000 -0.873303 0.001342
0.349000 -0.878544 0.001626
0.350000 -0.883796 0.001422
0.351000 -0.884587 0.001442
0.352000 -0.889116 0.001553
0.353000 -0.892160 0.001390
0.354000 -0.897625 0.001612
0.355000 -0.902048 0.001537
0.356000 -0.906974 0.001623
0.357000 -0.911556 0.001455
0.358000 -0.915138 0.001381
0.359000 -0.920420 0.001630
0.360000 -0.924997 0.001443
0.361000 -0.925758 0.001393
0.362000 -0.931404 0.001615
0.363000 -0.934343 0.001532
0.364000 -0.942096 0.001581
0.365000 -0.948149 0.001459
0.366000 -0.949676 0.001531
0.367000 -0.952942 0.001576
0.368000 -0.960972 0.001444
0.369000 -0.962347 0.001609
0.370000 -0.967004 0.001450
0.371000 -0.972409 0.001567
0.372000 -0.977716 0.001526
0.373000 -0.982212 0.001698
0.374000 -0.988039 0.001602
0.375000 -0.992587 0.001477
0.376000 -0.998375 0.001795
0.377000 -1.000558 0.001604
0.378000 -1.007134 0.001622
0.379000 -1.014258 0.001683
0.380000 -1.017563 0.001749
0.381000 -1.025644 0.001582
0.382000 -1.027058 0.001546
0.383000 -1.036146 0.001946
0.384000 -1.038100 0.001893
0.385000 -1.046763 0.001783
0.386000 -1.047767 0.001839
0.387000 -1.056274 0.001741
0.388000 -1.063351 0.001788
0.389000 -1.067566 0.001563
0.390000 -1.072681 0.001723
0.391000 -1.078599 0.001759
0.392000 -1.084220 0.001958
0.393000 -1.092889 0.001785
0.394000 -1.099294 0.001810
0.395000 -1.102206 0.001833
0.396000 -1.110740 0.001832
0.397000 -1.119950 0.001986
0.398000 -1.126743 0.001956
0.399000 -1.127833 0.001877
0.400000 -1.137228 0.002005
0.400500 -1.142900 0.001850
0.401000 -1.145493 0.001830
0.401500 -1.145468 0.001918
0.402000 -1.149056 0.002038
0.402500 -1.157376 0.001842
0.403000 -1.157522 0.001858
0.403500 -1.160324 0.001876
0.404000 -1.165182 0.002054
0.404500 -1.168105 0.001932
0.405000 -1.175643 0.001994
0.405500 -1.174965 0.001895
0.406000 -1.180295 0.002282
0.406500 -1.181476 0.002025
0.407000 -1.185458 0.001818
0.407500 -1.192416 0.001978
0.408000 -1.195483 0.001967
0.408500 -1.192697 0.002247
0.409000 -1.201954 0.002031
0.409500 -1.203532 0.002097
0.410000 -1.210073 0.002012
0.410500 -1.214460 0.002030
0.411000 -1.215467 0.002228
0.411500 -1.220684 0.002080
0.412000 -1.223132 0.002122
0.412500 -1.227627 0.002298
0.413000 -1.233868 0.002437
0.413500 -1.236965 0.002037
0.414000 -1.242436 0.002327
0.414500 -1.243024 0.001962
0.415000 -1.249966 0.002158
0.415500 -1.249582 0.001887
0.416000 -1.254032 0.002249
0.416500 -1.260843 0.002143
0.417000 -1.263584 0.001853
0.417500 -1.267541 0.002351
0.418000 -1.273625 0.002459
0.418500 -1.278759 0.002426
0.419000 -1.276252 0.002519
0.419500 -1.283527 0.002155
0.420000 -1.292565 0.002526
0.420500 -1.293188 0.002400
0.421000 -1.298172 0.001962
0.421500 -1.302681 0.002083
0.422000 -1.304581 0.002048
0.422500 -1.308409 0.002034
0.423000 -1.312903 0.002409
0.423500 -1.313726 0.002081
0.424000 -1.320466 0.002370
0.424500 -1.322215 0.002141
0.425000 -1.329607 0.002157
0.425500 -1.332391 0.002135
0.426000 -1.334044 0.002641
0.426500 -1.343778 0.001988
0.427000 -1.346869 0.002203
0.427500 -1.350763 0.002245
0.428000 -1.356240 0.001930
0.428500 -1.357909 0.002258
0.429000 -1.364197 0.002026
0.429500 -1.367881 0.002067
0.430000 -1.376581 0.002519
0.430500 -1.369835 0.002017
0.431000 -1.377881 0.002353
0.431500 -1.384667 0.002177
0.432000 -1.387225 0.002004
0.432500 -1.390916 0.002024
0.433000 -1.396080 0.002096
0.433500 -1.400759 0.002040
0.434000 -1.404932 0.001988
0.434500 -1.409035 0.002825
0.435000 -1.410135 0.001836
0.435500 -1.416596 0.002124
0.436000 -1.421020 0.002346
0.436500 -1.423762 0.002009
0.437000 -1.425289 0.002575
0.437500 -1.432484 0.001911
0.438000 -1.435678 0.002088
0.438500 -1.440388 0.002448
0.439000 -1.445637 0.002036
0.439500 -1.446444 0.002189
0.440000 -1.451020 0.002286
0.440500 -1.455628 0.001930
0.441000 -1.461042 0.002099
0.441500 -1.461732 0.002090
0.442000 -1.465913 0.002056
0.442500 -1.472725 0.002122
0.443000 -1.468827 0.002039
0.443500 -1.476839 0.002030
0.444000 -1.482699 0.002470
0.444500 -1.486380 0.002150
0.445000 -1.488183 0.001858
0.445500 -1.492693 0.002059
0.446000 -1.492853 0.002453
0.446500 -1.497154 0.002178
0.447000 -1.503141 0.002248
0.447500 -1.506261 0.001989
0.448000 -1.509783 0.001900
0.448500 -1.514775 0.001872
0.449000 -1.511239 0.001948
0.449500 -1.517804 0.002025
0.450000 -1.517687 0.002358
0.451000 -1.529657 0.001756
0.452000 -1.535579 0.001849
0.453000 -1.544268 0.001893
0.454000 -1.547012 0.002130
0.455000 -1.552562 0.002013
0.456000 -1.560484 0.001708
0.457000 -1.565429 0.001809
0.458000 -1.571376 0.001670
0.459000 -1.577189 0.001882
0.460000 -1.582620 0.001618
0.461000 -1.587961 0.001592
0.462000 -1.595412 0.001948
0.463000 -1.600660 0.001879
0.464000 -1.606549 0.001852
0.465000 -1.608396 0.001948
0.466000 -1.615143 0.001685
0.467000 -1.618773 0.001581
0.468000 -1.626201 0.001468
0.469000 -1.630233 0.001711
0.470000 -1.635481 0.001653
0.471000 -1.639781 0.001805
0.472000 -1.644617 0.001655
0.473000 -1.650537 0.001605
0.474000 -1.653275 0.001551
0.475000 -1.657527 0.001647
0.476000 -1.662297 0.001700
0.477000 -1.668350 0.001481
0.478000 -1.670512 0.001469
0.479000 -1.675596 0.001486
0.480000 -1.679833 0.001442
