0.001000 -0.002996 0.001437
0.002000 -0.002580 0.001599
0.003000 -0.004572 0.001485
0.004000 -0.009256 0.001468
0.005000 -0.011640 0.001470
0.006000 -0.011600 0.001759
0.007000 -0.013980 0.001598
0.008000 -0.016116 0.001442
0.009000 -0.018568 0.001468
0.010000 -0.018168 0.001539
0.011000 -0.022744 0.001549
0.012000 -0.022992 0.001605
0.013000 -0.025284 0.001533
0.014000 -0.026096 0.001477
0.015000 -0.030756 0.001700
0.016000 -0.029120 0.001724
0.017000 -0.033460 0.001589
0.018000 -0.036776 0.001497
0.019000 -0.036944 0.001517
0.020000 -0.041312 0.001481
0.021000 -0.041168 0.001813
0.022000 -0.043236 0.001480
0.023000 -0.044640 0.001470
0.024000 -0.046720 0.001631
0.025000 -0.051568 0.001432
0.026000 -0.053120 0.001585
0.027000 -0.053404 0.001617
0.028000 -0.053668 0.001531
0.029000 -0.059228 0.001424
0.030000 -0.059676 0.001545
0.031000 -0.060164 0.001641
0.032000 -0.063604 0.001579
0.033000 -0.066640 0.001617
0.034000 -0.068064 0.001617
0.035000 -0.070644 0.001628
0.036000 -0.072116 0.001495
0.037000 -0.075096 0.001647
0.038000 -0.076680 0.001533
0.039000 -0.078580 0.001724
0.040000 -0.079168 0.001588
0.041000 -0.080916 0.001735
0.042000 -0.083472 0.001475
0.043000 -0.085144 0.001736
0.044000 -0.090176 0.001635
0.045000 -0.087976 0.001629
0.046000 -0.092224 0.001737
0.047000 -0.094348 0.001358
0.048000 -0.095968 0.001682
0.049000 -0.098180 0.001443
0.050000 -0.102796 0.001486
0.051000 -0.101248 0.001495
0.052000 -0.106160 0.001536
0.053000 -0.108292 0.001475
0.054000 -0.109524 0.001523
0.055000 -0.110052 0.001574
0.056000 -0.112492 0.001490
0.057000 -0.114964 0.001480
0.058000 -0.117020 0.002033
0.059000 -0.117040 0.001548
0.060000 -0.123368 0.001462
0.061000 -0.122304 0.001526
0.062000 -0.122984 0.001615
0.063000 -0.128104 0.001371
0.064000 -0.130336 0.001772
0.065000 -0.131972 0.001568
0.066000 -0.132136 0.001688
0.067000 -0.136464 0.001548
0.068000 -0.137176 0.001641
0.069000 -0.137292 0.001483
0.070000 -0.140552 0.001528
0.071000 -0.142028 0.001573
0.072000 -0.145628 0.001413
0.073000 -0.147792 0.001450
0.074000 -0.147688 0.001558
0.075000 -0.152708 0.001692
0.076000 -0.153456 0.001531
0.077000 -0.156060 0.001894
0.078000 -0.157412 0.001572
0.079000 -0.160712 0.001481
0.080000 -0.160040 0.001498
0.081000 -0.163312 0.001640
0.082000 -0.165764 0.001659
0.083000 -0.167832 0.001741
0.084000 -0.171268 0.001697
0.085000 -0.173864 0.001522
0.086000 -0.174724 0.001470
0.087000 -0.177996 0.001662
0.088000 -0.179476 0.001610
0.089000 -0.178604 0.001601
0.090000 -0.181356 0.001560
0.091000 -0.185396 0.001453
0.092000 -0.186708 0.001652
0.093000 -0.188560 0.001547
0.094000 -0.190764 0.001678
0.095000 -0.195216 0.001597
0.096000 -0.198376 0.001460
0.097000 -0.197660 0.001521
0.098000 -0.198900 0.001576
0.099000 -0.202952 0.001624
0.100000 -0.201976 0.001638
0.101000 -0.206700 0.001463
0.102000 -0.207780 0.001807
0.103000 -0.209284 0.001463
0.104000 -0.213368 0.001521
0.105000 -0.215424 0.002079
0.106000 -0.216156 0.001665
0.107000 -0.218080 0.001613
0.108000 -0.217828 0.001768
0.109000 -0.223852 0.001567
0.110000 -0.224184 0.001674
0.111000 -0.226280 0.001482
0.112000 -0.227972 0.001938
0.113000 -0.231316 0.001670
0.114000 -0.234180 0.001470
0.115000 -0.234316 0.001538
0.116000 -0.236212 0.001713
0.117000 -0.238808 0.001530
0.118000 -0.239924 0.001550
0.119000 -0.243756 0.001587
0.120000 -0.244796 0.001535
0.121000 -0.248468 0.001488
0.122000 -0.250648 0.001646
0.123000 -0.251444 0.001825
0.124000 -0.257336 0.001660
0.125000 -0.256092 0.001575
0.126000 -0.259808 0.001758
0.127000 -0.261208 0.001493
0.128000 -0.264012 0.001573
0.129000 -0.268504 0.001901
0.130000 -0.265112 0.001591
0.131000 -0.270296 0.001917
0.132000 -0.270472 0.001601
0.133000 -0.273400 0.002287
0.134000 -0.275436 0.001540
0.135000 -0.279416 0.001410
0.136000 -0.281156 0.001674
0.137000 -0.282856 0.001541
0.138000 -0.285392 0.001544
0.139000 -0.286768 0.001653
0.140000 -0.289492 0.001564
0.141000 -0.291272 0.001570
0.142000 -0.292452 0.001959
0.143000 -0.292232 0.001717
0.144000 -0.298012 0.001569
0.145000 -0.297516 0.001493
0.146000 -0.299568 0.001908
0.147000 -0.307436 0.001922
0.148000 -0.306768 0.001765
0.149000 -0.307156 0.001661
0.150000 -0.309932 0.001541
0.151000 -0.315096 0.001587
0.152000 -0.314740 0.001598
0.153000 -0.317912 0.001566
0.154000 -0.320600 0.001523
0.155000 -0.321796 0.001892
0.156000 -0.323488 0.001594
0.157000 -0.328712 0.001604
0.158000 -0.327436 0.001588
0.159000 -0.332008 0.001826
0.160000 -0.333604 0.002023
0.161000 -0.335820 0.001649
0.162000 -0.339424 0.001624
0.163000 -0.340660 0.001591
0.164000 -0.343788 0.001446
0.165000 -0.344432 0.002054
0.166000 -0.345364 0.001616
0.167000 -0.349592 0.001843
0.168000 -0.351388 0.001846
0.169000 -0.356000 0.001669
0.170000 -0.356784 0.001650
0.171000 -0.359728 0.001611
0.172000 -0.362344 0.001642
0.173000 -0.365080 0.001677
0.174000 -0.366676 0.001641
0.175000 -0.367884 0.001674
0.176000 -0.371236 0.001738
0.177000 -0.373352 0.001755
0.178000 -0.377372 0.001708
0.179000 -0.378788 0.001740
0.180000 -0.383320 0.001668
0.181000 -0.383264 0.002151
0.182000 -0.386540 0.001620
0.183000 -0.385732 0.001729
0.184000 -0.391684 0.001859
0.185000 -0.394116 0.002019
0.186000 -0.393396 0.001740
0.187000 -0.395132 0.001683
0.188000 -0.397132 0.001770
0.189000 -0.402232 0.001655
0.190000 -0.404792 0.001783
0.191000 -0.407092 0.001696
0.192000 -0.410760 0.001681
0.193000 -0.410496 0.001739
0.194000 -0.415092 0.001519
0.195000 -0.417508 0.001714
0.196000 -0.419196 0.001754
0.197000 -0.422088 0.001586
0.198000 -0.422392 0.001728
0.199000 -0.423976 0.001712
0.200000 -0.426812 0.001694
0.201000 -0.428904 0.001538
0.202000 -0.432964 0.001543
0.203000 -0.434316 0.001817
0.204000 -0.439604 0.001630
0.205000 -0.438544 0.001858
0.206000 -0.443200 0.001628
0.207000 -0.447660 0.001555
0.208000 -0.446136 0.001721
0.209000 -0.448108 0.002064
0.210000 -0.455600 0.001958
0.211000 -0.456140 0.002048
0.212000 -0.457944 0.001861
0.213000 -0.458520 0.001807
0.214000 -0.463616 0.001794
0.215000 -0.464232 0.001634
0.216000 -0.466364 0.001575
0.217000 -0.471936 0.001668
0.218000 -0.471336 0.001693
0.219000 -0.476740 0.001692
0.220000 -0.475344 0.001813
0.221000 -0.482892 0.001773
0.222000 -0.484128 0.001687
0.223000 -0.483740 0.001700
0.224000 -0.489232 0.001776
0.225000 -0.490800 0.001691
0.226000 -0.492076 0.001675
0.227000 -0.495944 0.001812
0.228000 -0.499868 0.001832
0.229000 -0.499732 0.001736
0.230000 -0.502708 0.001699
0.231000 -0.504756 0.001729
0.232000 -0.508512 0.001873
0.233000 -0.514824 0.001792
0.234000 -0.514488 0.001643
0.235000 -0.513768 0.001730
0.236000 -0.520288 0.001751
0.237000 -0.522700 0.001733
0.238000 -0.524688 0.001758
0.239000 -0.527536 0.001987
0.240000 -0.529776 0.001755
0.241000 -0.531124 0.001643
0.242000 -0.535764 0.001797
0.243000 -0.535548 0.001719
0.244000 -0.544188 0.001748
0.245000 -0.546784 0.001747
0.246000 -0.547156 0.001803
0.247000 -0.551580 0.001855
0.248000 -0.551192 0.002059
0.249000 -0.555212 0.002266
0.250000 -0.556960 0.001857
0.251000 -0.559168 0.001756
0.252000 -0.565744 0.001880
0.253000 -0.564960 0.001760
0.254000 -0.567332 0.001959
0.255000 -0.571964 0.001585
0.256000 -0.577304 0.001930
0.257000 -0.575984 0.001822
0.258000 -0.579540 0.002056
0.259000 -0.580752 0.001883
0.260000 -0.583304 0.001738
0.261000 -0.587932 0.002067
0.262000 -0.591424 0.001896
0.263000 -0.593672 0.001864
0.264000 -0.598520 0.001834
0.265000 -0.598976 0.001869
0.266000 -0.603336 0.001957
0.267000 -0.608848 0.001901
0.268000 -0.608928 0.001822
0.269000 -0.610876 0.001701
0.270000 -0.611588 0.001938
0.271000 -0.614920 0.001664
0.272000 -0.618984 0.001753
0.273000 -0.623580 0.001935
0.274000 -0.624976 0.001808
0.275000 -0.629556 0.001840
0.276000 -0.633856 0.001835
0.277000 -0.636200 0.002022
0.278000 -0.636848 0.001944
0.279000 -0.640432 0.001896
0.280000 -0.641904 0.001779
0.281000 -0.645312 0.001892
0.282000 -0.653500 0.002069
0.283000 -0.649396 0.002069
0.284000 -0.655216 0.002268
0.285000 -0.657012 0.002010
0.286000 -0.661960 0.002026
0.287000 -0.662920 0.001817
0.288000 -0.664048 0.001941
0.289000 -0.670612 0.002063
0.290000 -0.673656 0.001970
0.291000 -0.677680 0.001836
0.292000 -0.679092 0.001956
0.293000 -0.683612 0.001983
0.294000 -0.688080 0.001832
0.295000 -0.687064 0.001950
0.296000 -0.693924 0.001951
0.297000 -0.695980 0.002060
0.298000 -0.699620 0.001780
0.299000 -0.706256 0.001985
0.300000 -0.705000 0.001865
0.301000 -0.709044 0.002178
0.302000 -0.715780 0.001922
0.303000 -0.714268 0.002030
0.304000 -0.720960 0.002090
0.305000 -0.721812 0.001844
0.306000 -0.725032 0.001986
0.307000 -0.731288 0.001974
0.308000 -0.732280 0.001894
0.309000 -0.734444 0.001968
0.310000 -0.739700 0.002051
0.311000 -0.745348 0.001899
0.312000 -0.748140 0.002326
0.313000 -0.755184 0.002258
0.314000 -0.752280 0.002040
0.315000 -0.755276 0.002180
0.316000 -0.761236 0.002134
0.317000 -0.766132 0.002378
0.318000 -0.767424 0.002278
0.319000 -0.771252 0.002139
0.320000 -0.774188 0.002100
0.321000 -0.779376 0.002060
0.322000 -0.782476 0.002583
0.323000 -0.784532 0.002274
0.324000 -0.793332 0.002073
0.325000 -0.792156 0.002163
0.326000 -0.797688 0.002114
0.327000 -0.797660 0.002081
0.328000 -0.801260 0.002228
0.329000 -0.806828 0.002151
0.330000 -0.812308 0.002458
0.331000 -0.817728 0.002206
0.332000 -0.820156 0.002107
0.333000 -0.823424 0.002383
0.334000 -0.824512 0.002412
0.335000 -0.834612 0.002346
0.336000 -0.835256 0.002223
0.337000 -0.840188 0.002266
0.338000 -0.844220 0.002194
0.339000 -0.849560 0.002254
0.340000 -0.853960 0.002194
0.341000 -0.856936 0.002454
0.342000 -0.857012 0.002284
0.343000 -0.863000 0.002344
0.344000 -0.869128 0.002484
0.345000 -0.873440 0.002641
0.346000 -0.880336 0.002625
0.347000 -0.884068 0.002621
0.348000 -0.887992 0.002221
0.349000 -0.892420 0.002465
0.350000 -0.900868 0.002515
0.351000 -0.899540 0.002541
0.352000 -0.904940 0.002799
0.353000 -0.912244 0.002548
0.354000 -0.912628 0.002680
0.355000 -0.919776 0.002762
0.356000 -0.923256 0.002969
0.357000 -0.929220 0.002951
0.358000 -0.936632 0.002894
0.359000 -0.942716 0.002606
0.360000 -0.938592 0.002991
0.361000 -0.944640 0.003172
0.362000 -0.958756 0.002890
0.363000 -0.958316 0.003018
0.364000 -0.960964 0.002847
0.365000 -0.964992 0.002986
0.366000 -0.973468 0.003439
0.367000 -0.978360 0.003306
0.368000 -0.990188 0.003178
0.369000 -0.988260 0.003899
0.370000 -0.995780 0.003405
0.371000 -1.004156 0.003866
0.372000 -1.011052 0.003309
0.373000 -1.010716 0.003214
0.374000 -1.016584 0.003699
0.375000 -1.023604 0.002721
0.376000 -1.030472 0.003180
0.377000 -1.036344 0.003262
0.378000 -1.040976 0.003407
0.379000 -1.048904 0.003619
0.380000 -1.053148 0.003575
0.381000 -1.056200 0.003501
0.382000 -1.061748 0.003476
0.383000 -1.074064 0.003330
0.384000 -1.082964 0.003872
0.385000 -1.082392 0.004152
0.386000 -1.089128 0.004243
0.387000 -1.095264 0.003733
0.388000 -1.101524 0.003899
0.389000 -1.112120 0.003647
0.390000 -1.119476 0.003778
0.391000 -1.122692 0.003785
0.392000 -1.124584 0.004115
0.393000 -1.135588 0.003687
0.394000 -1.143456 0.003701
0.395000 -1.148620 0.004040
0.396000 -1.159808 0.004380
0.397000 -1.165528 0.004077
0.398000 -1.170888 0.003727
0.399000 -1.180040 0.004010
0.400000 -1.184404 0.003648
0.401000 -1.191704 0.004568
0.402000 -1.200112 0.005128
0.403000 -1.203720 0.004212
0.404000 -1.222352 0.003831
0.405000 -1.213816 0.004247
0.406000 -1.227796 0.003841
0.407000 -1.232348 0.004861
0.408000 -1.248356 0.004154
0.409000 -1.255412 0.004174
0.410000 -1.260512 0.004222
0.411000 -1.266244 0.004214
0.412000 -1.265868 0.004647
0.413000 -1.277104 0.004148
0.414000 -1.292540 0.004764
0.415000 -1.295480 0.004236
0.416000 -1.304024 0.004561
0.417000 -1.309332 0.004699
0.418000 -1.318488 0.004409
0.419000 -1.319252 0.004637
0.420000 -1.333832 0.004402
0.421000 -1.338548 0.004307
0.422000 -1.347132 0.004107
0.423000 -1.352792 0.004775
0.424000 -1.356604 0.004577
0.425000 -1.362920 0.005745
0.426000 -1.371628 0.004086
0.427000 -1.389216 0.004323
0.428000 -1.392216 0.004064
0.429000 -1.393624 0.004864
0.430000 -1.403756 0.005426
0.431000 -1.405572 0.004268
0.432000 -1.419076 0.004542
0.433000 -1.418128 0.003825
0.434000 -1.437804 0.003873
0.435000 -1.440180 0.004359
0.436000 -1.441160 0.003789
0.437000 -1.446616 0.004308
0.438000 -1.460520 0.004673
0.439000 -1.460368 0.004167
0.440000 -1.474556 0.004009
0.441000 -1.484148 0.003940
0.442000 -1.482552 0.004288
0.443000 -1.498100 0.003379
0.444000 -1.487456 0.004876
0.445000 -1.502208 0.004340
0.446000 -1.509336 0.004028
0.447000 -1.518236 0.003582
0.448000 -1.523848 0.003323
0.449000 -1.524436 0.003733
0.450000 -1.526776 0.003582
0.451000 -1.532092 0.003678
0.452000 -1.547368 0.003802
0.453000 -1.552232 0.003478
0.454000 -1.549920 0.003952
0.455000 -1.564124 0.003785
0.456000 -1.564908 0.003371
0.457000 -1.576032 0.003553
0.458000 -1.576912 0.003699
0.459000 -1.586680 0.003427
0.460000 -1.586536 0.003669
0.461000 -1.598972 0.003775
0.462000 -1.603316 0.003047
0.463000 -1.602188 0.003329
0.464000 -1.602952 0.003864
0.465000 -1.613864 0.003484
0.466000 -1.619480 0.003170
0.467000 -1.625124 0.003261
0.468000 -1.627568 0.003191
0.469000 -1.632012 0.002965
0.470000 -1.638120 0.002900
0.471000 -1.640468 0.003316
0.472000 -1.642432 0.002897
0.473000 -1.654776 0.002988
0.474000 -1.656180 0.002867
0.475000 -1.655932 0.003240
0.476000 -1.663628 0.002745
0.477000 -1.663296 0.002918
0.478000 -1.673244 0.002591
0.479000 -1.677476 0.002577
0.480000 -1.673736 0.003405
0.481000 -1.684332 0.002397
0.482000 -1.689588 0.002708
0.483000 -1.689276 0.002514
0.484000 -1.694192 0.002751
0.485000 -1.698508 0.003405
0.486000 -1.698764 0.002380
0.487000 -1.701472 0.002341
0.488000 -1.709796 0.002488
0.489000 -1.713092 0.002224
0.490000 -1.712920 0.002418
0.491000 -1.715912 0.002428
0.492000 -1.721520 0.002207
0.493000 -1.724936 0.002278
0.494000 -1.728044 0.002157
0.495000 -1.730032 0.002249
0.496000 -1.734592 0.002816
0.497000 -1.732792 0.002413
0.498000 -1.739912 0.002166
0.499000 -1.743368 0.002529
0.500000 -1.745124 0.002026
0.501000 -1.748628 0.002435
0.502000 -1.753180 0.002155
0.503000 -1.757488 0.002516
0.504000 -1.758624 0.002088
0.505000 -1.758068 0.001927
0.506000 -1.762508 0.002228
0.507000 -1.765588 0.002092
0.508000 -1.769436 0.002121
0.509000 -1.769244 0.002055
0.510000 -1.774220 0.002121
0.511000 -1.775156 0.001882
0.512000 -1.779780 0.002437
0.513000 -1.781472 0.001746
0.514000 -1.783200 0.001820
0.515000 -1.786900 0.001878
0.516000 -1.785380 0.001735
0.517000 -1.789484 0.002017
0.518000 -1.791548 0.001847
0.519000 -1.798648 0.001915
0.520000 -1.795192 0.001768
0.521000 -1.799136 0.001691
0.522000 -1.798024 0.001920
0.523000 -1.800360 0.001702
0.524000 -1.803988 0.001647
0.525000 -1.806468 0.001561
0.526000 -1.810312 0.001771
0.527000 -1.810168 0.001689
0.528000 -1.813292 0.001660
0.529000 -1.812204 0.001537
0.530000 -1.818500 0.001684
0.531000 -1.820860 0.001571
0.532000 -1.819552 0.001360
0.533000 -1.822360 0.001635
0.534000 -1.823912 0.001674
0.535000 -1.825692 0.001584
0.536000 -1.827004 0.001398
0.537000 -1.829800 0.001627
0.538000 -1.833184 0.001654
0.539000 -1.833344 0.001346
0.540000 -1.834956 0.001430
0.541000 -1.836076 0.001477
0.542000 -1.838120 0.001314
0.543000 -1.841052 0.001637
0.544000 -1.844084 0.001693
0.545000 -1.842192 0.001591
0.546000 -1.847364 0.001504
0.547000 -1.845660 0.001367
0.548000 -1.850376 0.001632
0.549000 -1.851028 0.001314
0.550000 -1.852136 0.001267
0.551000 -1.852464 0.001280
0.552000 -1.854972 0.001433
0.553000 -1.855688 0.001439
0.554000 -1.859064 0.001254
0.555000 -1.856780 0.001463
0.556000 -1.858796 0.001300
0.557000 -1.861048 0.001215
0.558000 -1.861832 0.001600
0.559000 -1.864096 0.001418
0.560000 -1.864516 0.001284
0.561000 -1.866184 0.001390
0.562000 -1.868200 0.001265
0.563000 -1.868892 0.001168
0.564000 -1.871436 0.001245
0.565000 -1.870496 0.001186
0.566000 -1.872312 0.001290
0.567000 -1.873920 0.001615
0.568000 -1.875816 0.001640
0.569000 -1.877720 0.001343
0.570000 -1.876192 0.001229
0.571000 -1.880096 0.001269
0.572000 -1.880976 0.001171
0.573000 -1.882660 0.001158
0.574000 -1.882980 0.001375
0.575000 -1.884076 0.001163
0.576000 -1.883696 0.001177
0.577000 -1.886696 0.001120
0.578000 -1.889060 0.001094
0.579000 -1.889104 0.001063
0.580000 -1.889624 0.001185
0.581000 -1.890640 0.001179
0.582000 -1.891324 0.001380
0.583000 -1.892940 0.001135
0.584000 -1.893228 0.001154
0.585000 -1.896544 0.001193
0.586000 -1.896184 0.001136
0.587000 -1.897124 0.001088
0.588000 -1.896720 0.001066
0.589000 -1.899168 0.001249
0.590000 -1.901620 0.001110
0.591000 -1.900452 0.001030
0.592000 -1.902300 0.001238
0.593000 -1.903240 0.001026
0.594000 -1.904776 0.001034
0.595000 -1.906144 0.000968
0.596000 -1.906000 0.001022
0.597000 -1.908584 0.001116
0.598000 -1.908408 0.001109
0.599000 -1.909900 0.001211
0.600000 -1.907880 0.001029
0.601000 -1.910436 0.001010
0.602000 -1.911348 0.000981
0.603000 -1.911616 0.001041
0.604000 -1.913408 0.000989
0.605000 -1.915120 0.001192
0.606000 -1.914640 0.000947
0.607000 -1.914216 0.000960
0.608000 -1.915368 0.000901
0.609000 -1.917912 0.001071
0.610000 -1.916484 0.000961
0.611000 -1.918276 0.000853
0.612000 -1.919572 0.001138
0.613000 -1.918824 0.000913
0.614000 -1.921604 0.000955
0.615000 -1.921852 0.001000
0.616000 -1.922408 0.000954
0.617000 -1.922760 0.000818
0.618000 -1.922440 0.001162
0.619000 -1.923872 0.001076
0.620000 -1.924656 0.001151
0.621000 -1.924932 0.000974
0.622000 -1.926600 0.000851
0.623000 -1.927840 0.000977
0.624000 -1.927668 0.001027
0.625000 -1.926504 0.001017
0.626000 -1.929468 0.000861
0.627000 -1.930264 0.000934
0.628000 -1.929264 0.000949
0.629000 -1.930688 0.000857
0.630000 -1.931596 0.000854
0.631000 -1.931392 0.000862
0.632000 -1.933048 0.000964
0.633000 -1.933308 0.000822
0.634000 -1.934068 0.000908
0.635000 -1.934164 0.000904
0.636000 -1.936060 0.000903
0.637000 -1.936148 0.000794
0.638000 -1.935844 0.000806
0.639000 -1.938664 0.000784
0.640000 -1.937924 0.000831
0.641000 -1.938380 0.000810
0.642000 -1.939104 0.000799
0.643000 -1.937872 0.000912
0.644000 -1.939024 0.000763
0.645000 -1.940828 0.000852
0.646000 -1.941024 0.000827
0.647000 -1.939852 0.000698
0.648000 -1.941652 0.000866
0.649000 -1.942368 0.000832
0.650000 -1.942628 0.000877
0.651000 -1.943124 0.000850
0.652000 -1.945028 0.000800
0.653000 -1.945076 0.000745
0.654000 -1.945164 0.000931
0.655000 -1.945368 0.000730
0.656000 -1.947712 0.000876
0.657000 -1.946824 0.000834
0.658000 -1.947852 0.000715
0.659000 -1.947144 0.000876
0.660000 -1.948696 0.000728
0.661000 -1.948192 0.000804
0.662000 -1.949496 0.000776
0.663000 -1.948028 0.000731
0.664000 -1.949376 0.000723
0.665000 -1.950064 0.000738
0.666000 -1.950584 0.000736
0.667000 -1.949924 0.000771
0.668000 -1.951996 0.001024
0.669000 -1.952184 0.000711
0.670000 -1.952756 0.000663
0.671000 -1.952764 0.000663
0.672000 -1.952972 0.000796
0.673000 -1.954308 0.000719
0.674000 -1.954120 0.000848
0.675000 -1.954272 0.000661
0.676000 -1.954800 0.000823
0.677000 -1.954908 0.000755
0.678000 -1.955588 0.000662
0.679000 -1.956088 0.000692
0.680000 -1.956796 0.000642
0.681000 -1.956884 0.000666
0.682000 -1.957496 0.000680
0.683000 -1.958156 0.000724
0.684000 -1.957680 0.000715
0.685000 -1.958480 0.000773
0.686000 -1.958880 0.000627
0.687000 -1.959240 0.000722
0.688000 -1.960216 0.000618
0.689000 -1.959556 0.000675
0.690000 -1.960516 0.000644
0.691000 -1.960412 0.000631
0.692000 -1.960124 0.000641
0.693000 -1.960756 0.000720
0.694000 -1.961428 0.000693
0.695000 -1.961980 0.000650
0.696000 -1.962324 0.000699
0.697000 -1.961704 0.000637
0.698000 -1.963908 0.000695
0.699000 -1.963468 0.000626
0.700000 -1.962960 0.000624
0.701000 -1.964160 0.000590
0.702000 -1.963960 0.000664
0.703000 -1.964368 0.000666
0.704000 -1.964588 0.000745
0.705000 -1.965168 0.000591
0.706000 -1.966440 0.000559
0.707000 -1.965204 0.000601
0.708000 -1.967160 0.000586
0.709000 -1.966764 0.000538
0.710000 -1.966816 0.000601
0.711000 -1.967524 0.000539
0.712000 -1.966712 0.000577
0.713000 -1.966844 0.000559
0.714000 -1.968208 0.000575
0.715000 -1.968984 0.000604
0.716000 -1.968092 0.000594
0.717000 -1.968640 0.000561
0.718000 -1.969148 0.000573
0.719000 -1.969328 0.000585
0.720000 -1.969816 0.000676
0.721000 -1.969020 0.000679
0.722000 -1.970376 0.000578
0.723000 -1.970588 0.000515
0.724000 -1.970792 0.000616
0.725000 -1.971528 0.000587
0.726000 -1.971248 0.000522
0.727000 -1.971984 0.000625
0.728000 -1.971296 0.000617
0.729000 -1.972812 0.000494
0.730000 -1.972012 0.000539
0.731000 -1.972320 0.000485
0.732000 -1.973256 0.000504
0.733000 -1.972176 0.000519
0.734000 -1.972320 0.000566
0.735000 -1.973808 0.000484
0.736000 -1.973860 0.000533
0.737000 -1.973760 0.000545
0.738000 -1.974292 0.000511
0.739000 -1.973696 0.000555
0.740000 -1.974888 0.000498
0.741000 -1.974828 0.000510
0.742000 -1.974464 0.000507
0.743000 -1.974788 0.000535
0.744000 -1.975680 0.000456
0.745000 -1.976568 0.000476
0.746000 -1.975820 0.000511
0.747000 -1.975520 0.000494
0.748000 -1.976840 0.000540
0.749000 -1.975884 0.000497
0.750000 -1.976532 0.000473
0.751000 -1.977004 0.000492
0.752000 -1.977112 0.000506
0.753000 -1.976776 0.000456
0.754000 -1.977100 0.000566
0.755000 -1.977428 0.000520
0.756000 -1.978112 0.000434
0.757000 -1.978060 0.000449
0.758000 -1.977460 0.000469
0.759000 -1.978280 0.000560
0.760000 -1.978168 0.000439
0.761000 -1.978772 0.000463
0.762000 -1.978796 0.000457
0.763000 -1.979148 0.000524
0.764000 -1.979004 0.000459
0.765000 -1.978696 0.000483
0.766000 -1.979504 0.000460
0.767000 -1.979764 0.000462
0.768000 -1.980680 0.000449
0.769000 -1.980740 0.000466
0.770000 -1.980772 0.000450
0.771000 -1.979904 0.000464
0.772000 -1.980528 0.000508
0.773000 -1.981240 0.000421
0.774000 -1.980980 0.000509
0.775000 -1.981324 0.000493
0.776000 -1.981272 0.000568
0.777000 -1.981944 0.000402
0.778000 -1.981624 0.000401
0.779000 -1.981596 0.000395
0.780000 -1.981808 0.000407
0.781000 -1.981940 0.000470
0.782000 -1.982588 0.000417
0.783000 -1.981968 0.000429
0.784000 -1.982540 0.000423
0.785000 -1.982812 0.000460
0.786000 -1.982764 0.000379
0.787000 -1.983112 0.000455
0.788000 -1.983620 0.000442
0.789000 -1.983356 0.000419
0.790000 -1.983244 0.000436
0.791000 -1.983280 0.000402
0.792000 -1.984104 0.000386
0.793000 -1.983684 0.000441
0.794000 -1.984008 0.000397
0.795000 -1.983936 0.000397
0.796000 -1.984212 0.000440
0.797000 -1.984352 0.000439
0.798000 -1.984740 0.000390
0.799000 -1.984620 0.000387
0.800000 -1.984632 0.000383
0.801000 -1.984856 0.000383
0.802000 -1.985604 0.000381
0.803000 -1.985520 0.000397
0.804000 -1.985532 0.000373
0.805000 -1.985236 0.000390
0.806000 -1.985532 0.000372
0.807000 -1.985536 0.000372
0.808000 -1.985888 0.000368
0.809000 -1.986244 0.000406
0.810000 -1.986292 0.000356
0.811000 -1.986204 0.000396
0.812000 -1.986488 0.000357
0.813000 -1.986072 0.000357
0.814000 -1.986268 0.000357
0.815000 -1.986704 0.000371
0.816000 -1.986544 0.000382
0.817000 -1.986836 0.000354
0.818000 -1.986680 0.000368
0.819000 -1.987404 0.000378
0.820000 -1.986856 0.000350
0.821000 -1.987288 0.000372
0.822000 -1.987136 0.000383
0.823000 -1.987336 0.000344
0.824000 -1.987576 0.000356
0.825000 -1.987688 0.000365
0.826000 -1.987928 0.000348
0.827000 -1.987560 0.000356
0.828000 -1.988128 0.000382
0.829000 -1.987916 0.000335
0.830000 -1.988556 0.000394
0.831000 -1.988248 0.000369
0.832000 -1.988384 0.000364
0.833000 -1.987884 0.000378
0.834000 -1.988680 0.000355
0.835000 -1.988400 0.000301
0.836000 -1.988404 0.000353
0.837000 -1.988868 0.000294
0.838000 -1.989212 0.000307
0.839000 -1.989036 0.000307
0.840000 -1.988948 0.000443
0.841000 -1.989476 0.000332
0.842000 -1.989376 0.000318
0.843000 -1.989772 0.000333
0.844000 -1.989008 0.000343
0.845000 -1.990000 0.000312
0.846000 -1.989576 0.000327
0.847000 -1.990164 0.000297
0.848000 -1.990052 0.000316
0.849000 -1.989456 0.000362
0.850000 -1.990032 0.000328
0.851000 -1.990292 0.000324
0.852000 -1.990088 0.000282
0.853000 -1.990464 0.000305
0.854000 -1.990500 0.000296
0.855000 -1.990340 0.000341
0.856000 -1.990860 0.000282
0.857000 -1.990888 0.000308
0.858000 -1.990860 0.000279
0.859000 -1.990624 0.000296
0.860000 -1.991000 0.000291
0.861000 -1.990908 0.000286
0.862000 -1.991056 0.000316
0.863000 -1.991364 0.000277
0.864000 -1.990492 0.000325
0.865000 -1.991236 0.000305
0.866000 -1.991212 0.000301
0.867000 -1.991324 0.000324
0.868000 -1.991852 0.000260
0.869000 -1.991316 0.000286
0.870000 -1.991776 0.000298
0.871000 -1.991764 0.000287
0.872000 -1.991836 0.000316
0.873000 -1.991936 0.000281
0.874000 -1.991476 0.000299
0.875000 -1.991932 0.000259
0.876000 -1.992264 0.000275
0.877000 -1.992240 0.000303
0.878000 -1.991904 0.000328
0.879000 -1.992396 0.000303
0.880000 -1.992184 0.000271
0.881000 -1.992412 0.000299
0.882000 -1.992032 0.000303
0.883000 -1.992064 0.000271
0.884000 -1.992532 0.000287
0.885000 -1.992488 0.000290
0.886000 -1.992868 0.000246
0.887000 -1.993064 0.000268
0.888000 -1.992576 0.000269
0.889000 -1.992616 0.000279
0.890000 -1.992740 0.000284
0.891000 -1.993072 0.000253
0.892000 -1.992912 0.000269
0.893000 -1.993192 0.000315
0.894000 -1.993508 0.000308
0.895000 -1.993940 0.000239
0.896000 -1.993600 0.000254
0.897000 -1.993308 0.000249
0.898000 -1.993084 0.000264
0.899000 -1.993840 0.000260
0.900000 -1.993760 0.000280
0.901000 -1.993860 0.000228
0.902000 -1.993316 0.000253
0.903000 -1.993360 0.000268
0.904000 -1.993608 0.000316
0.905000 -1.993892 0.000251
0.906000 -1.993872 0.000231
0.907000 -1.993628 0.000339
0.908000 -1.994040 0.000238
0.909000 -1.993788 0.000252
0.910000 -1.993960 0.000241
0.911000 -1.994208 0.000214
0.912000 -1.994296 0.000238
0.913000 -1.994064 0.000241
0.914000 -1.994248 0.000230
0.915000 -1.994552 0.000263
0.916000 -1.994364 0.000242
0.917000 -1.994736 0.000236
0.918000 -1.994164 0.000214
0.919000 -1.994024 0.000271
0.920000 -1.994620 0.000220
0.921000 -1.993872 0.000268
0.922000 -1.994720 0.000224
0.923000 -1.994720 0.000202
0.924000 -1.994668 0.000235
0.925000 -1.994580 0.000235
0.926000 -1.994828 0.000238
0.927000 -1.995248 0.000219
0.928000 -1.994860 0.000231
0.929000 -1.994848 0.000222
0.930000 -1.994972 0.000214
0.931000 -1.995072 0.000224
0.932000 -1.994944 0.000222
0.933000 -1.995108 0.000245
0.934000 -1.995284 0.000221
0.935000 -1.995448 0.000187
0.936000 -1.995280 0.000200
0.937000 -1.994840 0.000232
0.938000 -1.995144 0.000225
0.939000 -1.995228 0.000212
0.940000 -1.995528 0.000208
0.941000 -1.995380 0.000225
0.942000 -1.995360 0.000222
0.943000 -1.995652 0.000192
0.944000 -1.995240 0.000217
0.945000 -1.995472 0.000191
0.946000 -1.995616 0.000191
0.947000 -1.995820 0.000219
0.948000 -1.995732 0.000211
0.949000 -1.995936 0.000182
0.950000 -1.995792 0.000197
0.951000 -1.995636 0.000190
0.952000 -1.995916 0.000210
0.953000 -1.995740 0.000216
0.954000 -1.995980 0.000200
0.955000 -1.995892 0.000200
0.956000 -1.995848 0.000182
0.957000 -1.995816 0.000232
0.958000 -1.995860 0.000203
0.959000 -1.995972 0.000195
0.960000 -1.995976 0.000217
0.961000 -1.996028 0.000192
0.962000 -1.996264 0.000187
0.963000 -1.996440 0.000183
0.964000 -1.996016 0.000206
0.965000 -1.996116 0.000200
0.966000 -1.996168 0.000210
0.967000 -1.996204 0.000210
0.968000 -1.996656 0.000172
0.969000 -1.996160 0.000204
0.970000 -1.996316 0.000179
0.971000 -1.996240 0.000193
0.972000 -1.996116 0.000205
0.973000 -1.996508 0.000177
0.974000 -1.996688 0.000180
0.975000 -1.996448 0.000183
0.976000 -1.996496 0.000178
0.977000 -1.996720 0.000211
0.978000 -1.996680 0.000193
0.979000 -1.996508 0.000179
0.980000 -1.996404 0.000195
0.981000 -1.996824 0.000171
0.982000 -1.996636 0.000179
0.983000 -1.996712 0.000189
0.984000 -1.996632 0.000193
0.985000 -1.996532 0.000197
0.986000 -1.996684 0.000202
0.987000 -1.996536 0.000176
0.988000 -1.996608 0.000206
0.989000 -1.996712 0.000181
0.990000 -1.996956 0.000172
0.991000 -1.996928 0.000161
0.992000 -1.996748 0.000183
0.993000 -1.997220 0.000171
0.994000 -1.996712 0.000168
0.995000 -1.996872 0.000198
0.996000 -1.997272 0.000146
0.997000 -1.997188 0.000170
0.998000 -1.996996 0.000170
0.999000 -1.997096 0.000182
1.000000 -1.996972 0.000169
