0.340000 -0.842705 0.000852
0.341000 -0.846824 0.000772
0.342000 -0.850416 0.000851
0.343000 -0.852714 0.000750
0.344000 -0.856607 0.000809
0.345000 -0.861072 0.000788
0.346000 -0.864084 0.000960
0.347000 -0.868156 0.000924
0.348000 -0.872888 0.000840
0.349000 -0.877388 0.000890
0.350000 -0.880133 0.000956
0.351000 -0.882735 0.000872
0.352000 -0.888100 0.000864
0.353000 -0.891783 0.001056
0.354000 -0.895817 0.000844
0.355000 -0.900571 0.000895
0.356000 -0.903763 0.000896
0.357000 -0.908009 0.000814
0.358000 -0.910417 0.000861
0.359000 -0.914859 0.000895
0.360000 -0.918073 0.000917
0.361000 -0.923943 0.000963
0.362000 -0.927405 0.000924
0.363000 -0.932142 0.000951
0.364000 -0.935051 0.000855
0.365000 -0.939403 0.000977
0.366000 -0.944828 0.000850
0.367000 -0.950328 0.000915
0.368000 -0.955171 0.000974
0.369000 -0.959974 0.000839
0.370000 -0.963255 0.000855
0.371000 -0.967601 0.001098
0.372000 -0.970678 0.001131
0.373000 -0.974854 0.000927
0.374000 -0.980182 0.001003
0.375000 -0.983238 0.000878
0.376000 -0.988451 0.000946
0.377000 -0.993016 0.000939
0.378000 -0.997852 0.000931
0.379000 -1.003087 0.000857
0.380000 -1.007908 0.000927
0.381000 -1.014206 0.000979
0.382000 -1.016579 0.000913
0.383000 -1.020372 0.000943
0.384000 -1.026018 0.000933
0.385000 -1.031552 0.000987
0.386000 -1.035312 0.000926
0.387000 -1.040170 0.001078
0.388000 -1.047543 0.001042
0.389000 -1.051882 0.000951
0.390000 -1.056102 0.000892
0.391000 -1.060914 0.000979
0.392000 -1.065696 0.000915
0.393000 -1.072273 0.001065
0.394000 -1.077171 0.001135
0.395000 -1.081754 0.000956
0.396000 -1.087646 0.001006
0.397000 -1.093427 0.001087
0.398000 -1.098312 0.001164
0.399000 -1.103839 0.001115
0.400000 -1.112163 0.001029
0.400500 -1.113536 0.001332
0.401000 -1.116198 0.000992
0.401500 -1.118853 0.001026
0.402000 -1.123181 0.001136
0.402500 -1.126784 0.001086
0.403000 -1.129478 0.001131
0.403500 -1.132223 0.001173
0.404000 -1.133524 0.001169
0.404500 -1.137743 0.001107
0.405000 -1.140402 0.001155
0.405500 -1.146430 0.001061
0.406000 -1.146217 0.001167
0.406500 -1.150107 0.001014
0.407000 -1.153591 0.001226
0.407500 -1.156262 0.001139
0.408000 -1.160414 0.001119
0.408500 -1.162324 0.001264
0.409000 -1.165510 0.001163
0.409500 -1.170520 0.001173
0.410000 -1.175341 0.001272
0.410500 -1.177917 0.001304
0.411000 -1.178913 0.001283
0.411500 -1.183423 0.001434
0.412000 -1.187925 0.001351
0.412500 -1.191507 0.001277
0.413000 -1.194291 0.001232
0.413500 -1.196627 0.001230
0.414000 -1.200339 0.001242
0.414500 -1.206415 0.001508
0.415000 -1.208856 0.001308
0.415500 -1.211997 0.001216
0.416000 -1.217472 0.001287
0.416500 -1.221572 0.001343
0.417000 -1.225391 0.001662
0.417500 -1.230682 0.001344
0.418000 -1.234824 0.001311
0.418500 -1.237258 0.001421
0.419000 -1.242293 0.001362
0.419500 -1.246129 0.001400
0.420000 -1.250170 0.001569
0.420500 -1.254449 0.001496
0.421000 -1.259982 0.001452
0.421500 -1.265034 0.001434
0.422000 -1.270783 0.001400
0.422500 -1.270603 0.001590
0.423000 -1.274828 0.001621
0.423500 -1.278549 0.001529
0.424000 -1.283704 0.001702
0.424500 -1.291244 0.001477
0.425000 -1.295077 0.001815
0.425500 -1.298750 0.001585
0.426000 -1.303316 0.001580
0.426500 -1.308003 0.001914
0.427000 -1.310477 0.001360
0.427500 -1.315267 0.001535
0.428000 -1.322968 0.001453
0.428500 -1.325942 0.001480
0.429000 -1.330246 0.001713
0.429500 -1.335037 0.001639
0.430000 -1.340436 0.001644
0.430500 -1.345156 0.001593
0.431000 -1.350113 0.001517
0.431500 -1.354807 0.001706
0.432000 -1.358867 0.001927
0.432500 -1.361768 0.001688
0.433000 -1.367686 0.001626
0.433500 -1.372269 0.001811
0.434000 -1.375163 0.001703
0.434500 -1.383016 0.001699
0.435000 -1.387768 0.001624
0.435500 -1.391180 0.001782
0.436000 -1.398186 0.001639
0.436500 -1.402582 0.001573
0.437000 -1.405137 0.001664
0.437500 -1.409814 0.001851
0.438000 -1.414413 0.002026
0.438500 -1.421982 0.001484
0.439000 -1.426933 0.001482
0.439500 -1.428045 0.001653
0.440000 -1.429809 0.001606
0.440500 -1.438022 0.001649
0.441000 -1.439265 0.001825
0.441500 -1.448017 0.001515
0.442000 -1.448967 0.001507
0.442500 -1.455197 0.001511
0.443000 -1.459709 0.001493
0.443500 -1.464961 0.001581
0.444000 -1.468882 0.001358
0.444500 -1.471937 0.001495
0.445000 -1.476529 0.001530
0.445500 -1.479731 0.001643
0.446000 -1.485182 0.001450
0.446500 -1.489709 0.001510
0.447000 -1.494625 0.001407
0.447500 -1.496048 0.001638
0.448000 -1.500765 0.001565
0.448500 -1.503827 0.001252
0.449000 -1.508056 0.001269
0.449500 -1.511215 0.001544
0.450000 -1.515928 0.001381
0.451000 -1.521701 0.001485
0.452000 -1.529226 0.001249
0.453000 -1.534979 0.001175
0.454000 -1.542747 0.001195
0.455000 -1.550587 0.001264
0.456000 -1.558754 0.001231
0.457000 -1.565203 0.001273
0.458000 -1.571276 0.001451
0.459000 -1.574924 0.001093
0.460000 -1.582709 0.001107
0.461000 -1.587384 0.001081
0.462000 -1.591251 0.000969
0.463000 -1.601117 0.001111
0.464000 -1.605911 0.000920
0.465000 -1.609656 0.000984
0.466000 -1.614570 0.001055
0.467000 -1.618954 0.001018
0.468000 -1.625183 0.001129
0.469000 -1.629272 0.000883
0.470000 -1.634367 0.001008
0.471000 -1.639389 0.000934
0.472000 -1.645142 0.000951
0.473000 -1.648698 0.000983
0.474000 -1.651902 0.001024
0.475000 -1.656479 0.000921
0.476000 -1.660796 0.000951
0.477000 -1.665771 0.001026
0.478000 -1.668746 0.000907
0.479000 -1.675046 0.000814
0.480000 -1.676424 0.000834
