0.340000 -0.842491 0.001039
0.341000 -0.844279 0.001000
0.342000 -0.849083 0.001024
0.343000 -0.853112 0.001031
0.344000 -0.857281 0.001302
0.345000 -0.859674 0.001111
0.346000 -0.863978 0.001056
0.347000 -0.866121 0.001122
0.348000 -0.872020 0.001109
0.349000 -0.875800 0.001024
0.350000 -0.880235 0.000992
0.351000 -0.885172 0.001067
0.352000 -0.888884 0.001102
0.353000 -0.893501 0.001096
0.354000 -0.896605 0.001519
0.355000 -0.901248 0.001053
0.356000 -0.900845 0.001138
0.357000 -0.907645 0.001173
0.358000 -0.911957 0.001138
0.359000 -0.916117 0.001257
0.360000 -0.921309 0.001032
0.361000 -0.924250 0.001051
0.362000 -0.928651 0.001175
0.363000 -0.934751 0.001126
0.364000 -0.936249 0.001115
0.365000 -0.940325 0.000988
0.366000 -0.945418 0.001086
0.367000 -0.950490 0.001249
0.368000 -0.953354 0.001160
0.369000 -0.957150 0.001175
0.370000 -0.963168 0.001174
0.371000 -0.968612 0.001091
0.372000 -0.971132 0.001241
0.373000 -0.977492 0.001161
0.374000 -0.981541 0.001097
0.375000 -0.986541 0.001206
0.376000 -0.991410 0.001104
0.377000 -0.993734 0.001106
0.378000 -0.999287 0.001281
0.379000 -1.005597 0.001291
0.380000 -1.010226 0.001180
0.381000 -1.013223 0.001323
0.382000 -1.019156 0.001345
0.383000 -1.022029 0.001171
0.384000 -1.027529 0.001090
0.385000 -1.035282 0.001182
0.386000 -1.037887 0.001298
0.387000 -1.045541 0.001232
0.388000 -1.051035 0.001193
0.389000 -1.054157 0.001227
0.390000 -1.059399 0.001319
0.391000 -1.064623 0.001510
0.392000 -1.070877 0.001221
0.393000 -1.075708 0.001293
0.394000 -1.083276 0.001319
0.395000 -1.087190 0.001247
0.396000 -1.094823 0.001436
0.397000 -1.097467 0.001386
0.398000 -1.105039 0.001294
0.399000 -1.112633 0.001907
0.400000 -1.119183 0.001356
0.400500 -1.118489 0.001528
0.401000 -1.122099 0.001346
0.401500 -1.124219 0.001428
0.402000 -1.129614 0.001373
0.402500 -1.133330 0.001429
0.403000 -1.136252 0.001278
0.403500 -1.141284 0.001476
0.404000 -1.144688 0.001352
0.404500 -1.146201 0.001500
0.405000 -1.149322 0.001431
0.405500 -1.154130 0.001510
0.406000 -1.156818 0.001372
0.406500 -1.160205 0.001409
0.407000 -1.163560 0.001465
0.407500 -1.164740 0.001427
0.408000 -1.173082 0.001617
0.408500 -1.174793 0.001459
0.409000 -1.176923 0.001452
0.409500 -1.179907 0.001435
0.410000 -1.183152 0.001628
0.410500 -1.187271 0.001511
0.411000 -1.189687 0.001541
0.411500 -1.195978 0.001771
0.412000 -1.198052 0.001690
0.412500 -1.203784 0.001623
0.413000 -1.206341 0.001598
0.413500 -1.211493 0.001449
0.414000 -1.215331 0.001580
0.414500 -1.219557 0.001596
0.415000 -1.224312 0.001476
0.415500 -1.226277 0.001499
0.416000 -1.233437 0.001457
0.416500 -1.235909 0.001492
0.417000 -1.240788 0.001806
0.417500 -1.244576 0.001673
0.418000 -1.248343 0.001599
0.418500 -1.250229 0.001579
0.419000 -1.257478 0.001836
0.419500 -1.260238 0.001708
0.420000 -1.261812 0.001780
0.420500 -1.265563 0.001778
0.421000 -1.272508 0.001808
0.421500 -1.274135 0.001651
0.422000 -1.281218 0.001896
0.422500 -1.286381 0.001745
0.423000 -1.290045 0.001669
0.423500 -1.295451 0.001754
0.424000 -1.295242 0.001720
0.424500 -1.300804 0.001862
0.425000 -1.308004 0.001736
0.425500 -1.309966 0.001808
0.426000 -1.315577 0.001819
0.426500 -1.320933 0.001707
0.427000 -1.326349 0.001740
0.427500 -1.329928 0.001863
0.428000 -1.334100 0.001834
0.428500 -1.337152 0.001954
0.429000 -1.342738 0.001815
0.429500 -1.348995 0.001882
0.430000 -1.353482 0.002278
0.430500 -1.353107 0.001810
0.431000 -1.360206 0.002094
0.431500 -1.365202 0.001777
0.432000 -1.372610 0.001795
0.432500 -1.374707 0.001745
0.433000 -1.376609 0.002214
0.433500 -1.384277 0.001640
0.434000 -1.388229 0.001795
0.434500 -1.390063 0.001812
0.435000 -1.397648 0.002093
0.435500 -1.399653 0.001757
0.436000 -1.401957 0.001753
0.436500 -1.409520 0.001773
0.437000 -1.412992 0.001817
0.437500 -1.420279 0.001844
0.438000 -1.422884 0.001728
0.438500 -1.426566 0.001818
0.439000 -1.433326 0.001939
0.439500 -1.437002 0.001631
0.440000 -1.437549 0.001876
0.440500 -1.442008 0.001693
0.441000 -1.444861 0.001726
0.441500 -1.451360 0.001743
0.442000 -1.458039 0.001977
0.442500 -1.460003 0.001861
0.443000 -1.463664 0.001614
0.443500 -1.467880 0.001613
0.444000 -1.469998 0.001412
0.444500 -1.476366 0.001629
0.445000 -1.478857 0.001716
0.445500 -1.483225 0.001610
0.446000 -1.489824 0.001482
0.446500 -1.490159 0.001718
0.447000 -1.495071 0.001600
0.447500 -1.499750 0.001496
0.448000 -1.504097 0.001437
0.448500 -1.504346 0.001672
0.449000 -1.512653 0.001445
0.449500 -1.512795 0.001591
0.450000 -1.515160 0.001573
0.451000 -1.523455 0.001483
0.452000 -1.530201 0.001813
0.453000 -1.536673 0.001526
0.454000 -1.545860 0.001417
0.455000 -1.551430 0.001473
0.456000 -1.555411 0.001587
0.457000 -1.562709 0.001354
0.458000 -1.571995 0.001392
0.459000 -1.576115 0.001788
0.460000 -1.582525 0.001293
0.461000 -1.587143 0.001371
0.462000 -1.593289 0.001463
0.463000 -1.597984 0.001380
0.464000 -1.604257 0.001253
0.465000 -1.609298 0.001200
0.466000 -1.615236 0.001258
0.467000 -1.620474 0.001218
0.468000 -1.624084 0.001123
0.469000 -1.628392 0.001131
0.470000 -1.633692 0.001141
0.471000 -1.638614 0.001158
0.472000 -1.642970 0.001182
0.473000 -1.649693 0.001004
0.474000 -1.651641 0.001093
0.475000 -1.656479 0.001124
0.476000 -1.662804 0.001102
0.477000 -1.667709 0.001031
0.478000 -1.670446 0.001293
0.479000 -1.672181 0.001159
0.480000 -1.677930 0.001145
