0.340000 -0.853960 0.002194
0.341000 -0.856936 0.002454
0.342000 -0.857012 0.002284
0.343000 -0.863000 0.002344
0.344000 -0.869128 0.002484
0.345000 -0.873440 0.002641
0.346000 -0.880336 0.002625
0.347000 -0.884068 0.002621
0.348000 -0.887992 0.002221
0.349000 -0.892420 0.002465
0.350000 -0.900868 0.002515
0.351000 -0.899540 0.002541
0.352000 -0.904940 0.002799
0.353000 -0.912244 0.002548
0.354000 -0.912628 0.002680
0.355000 -0.919776 0.002762
0.356000 -0.923256 0.002969
0.357000 -0.929220 0.002951
0.358000 -0.936632 0.002894
0.359000 -0.942716 0.002606
0.360000 -0.938592 0.002991
0.361000 -0.944640 0.003172
0.362000 -0.958756 0.002890
0.363000 -0.958316 0.003018
0.364000 -0.960964 0.002847
0.365000 -0.964992 0.002986
0.366000 -0.973468 0.003439
0.367000 -0.978360 0.003306
0.368000 -0.990188 0.003178
0.369000 -0.988260 0.003899
0.370000 -0.995780 0.003405
0.371000 -1.004156 0.003866
0.372000 -1.011052 0.003309
0.373000 -1.010716 0.003214
0.374000 -1.016584 0.003699
0.375000 -1.023604 0.002721
0.376000 -1.030472 0.003180
0.377000 -1.036344 0.003262
0.378000 -1.040976 0.003407
0.379000 -1.048904 0.003619
0.380000 -1.053148 0.003575
0.381000 -1.056200 0.003501
0.382000 -1.061748 0.003476
0.383000 -1.074064 0.003330
0.384000 -1.082964 0.003872
0.385000 -1.082392 0.004152
0.386000 -1.089128 0.004243
0.387000 -1.095264 0.003733
0.388000 -1.101524 0.003899
0.389000 -1.112120 0.003647
0.390000 -1.119476 0.003778
0.391000 -1.122692 0.003785
0.392000 -1.124584 0.004115
0.393000 -1.135588 0.003687
0.394000 -1.143456 0.003701
0.395000 -1.148620 0.004040
0.396000 -1.159808 0.004380
0.397000 -1.165528 0.004077
0.398000 -1.170888 0.003727
0.399000 -1.180040 0.004010
0.400000 -1.184404 0.003648
0.401000 -1.191704 0.004568
0.402000 -1.200112 0.005128
0.403000 -1.203720 0.004212
0.404000 -1.222352 0.003831
0.405000 -1.213816 0.004247
0.406000 -1.227796 0.003841
0.407000 -1.232348 0.004861
0.408000 -1.248356 0.004154
0.409000 -1.255412 0.004174
0.410000 -1.260512 0.004222
0.411000 -1.266244 0.004214
0.412000 -1.265868 0.004647
0.413000 -1.277104 0.004148
0.414000 -1.292540 0.004764
0.415000 -1.295480 0.004236
0.416000 -1.304024 0.004561
0.417000 -1.309332 0.004699
0.418000 -1.318488 0.004409
0.419000 -1.319252 0.004637
0.420000 -1.333832 0.004402
0.421000 -1.338548 0.004307
0.422000 -1.347132 0.004107
0.423000 -1.352792 0.004775
0.424000 -1.356604 0.004577
0.425000 -1.362920 0.005745
0.426000 -1.371628 0.004086
0.427000 -1.389216 0.004323
0.428000 -1.392216 0.004064
0.429000 -1.393624 0.004864
0.430000 -1.403756 0.005426
0.431000 -1.405572 0.004268
0.432000 -1.419076 0.004542
0.433000 -1.418128 0.003825
0.434000 -1.437804 0.003873
0.435000 -1.440180 0.004359
0.436000 -1.441160 0.003789
0.437000 -1.446616 0.004308
0.438000 -1.460520 0.004673
0.439000 -1.460368 0.004167
0.440000 -1.474556 0.004009
0.441000 -1.484148 0.003940
0.442000 -1.482552 0.004288
0.443000 -1.498100 0.003379
0.444000 -1.487456 0.004876
0.445000 -1.502208 0.004340
0.446000 -1.509336 0.004028
0.447000 -1.518236 0.003582
0.448000 -1.523848 0.003323
0.449000 -1.524436 0.003733
0.450000 -1.526776 0.003582
0.451000 -1.532092 0.003678
0.452000 -1.547368 0.003802
0.453000 -1.552232 0.003478
0.454000 -1.549920 0.003952
0.455000 -1.564124 0.003785
0.456000 -1.564908 0.003371
0.457000 -1.576032 0.003553
0.458000 -1.576912 0.003699
0.459000 -1.586680 0.003427
0.460000 -1.586536 0.003669
0.461000 -1.598972 0.003775
0.462000 -1.603316 0.003047
0.463000 -1.602188 0.003329
0.464000 -1.602952 0.003864
0.465000 -1.613864 0.003484
0.466000 -1.619480 0.003170
0.467000 -1.625124 0.003261
0.468000 -1.627568 0.003191
0.469000 -1.632012 0.002965
0.470000 -1.638120 0.002900
0.471000 -1.640468 0.003316
0.472000 -1.642432 0.002897
0.473000 -1.654776 0.002988
0.474000 -1.656180 0.002867
0.475000 -1.655932 0.003240
0.476000 -1.663628 0.002745
0.477000 -1.663296 0.002918
0.478000 -1.673244 0.002591
0.479000 -1.677476 0.002577
0.480000 -1.673736 0.003405
