0.350000 2.987054 0.029273
0.360000 2.958606 0.033835
0.370000 2.930548 0.029475
0.380000 2.909775 0.030355
0.390000 2.920636 0.029392
0.400000 2.872131 0.024763
0.401000 2.835020 0.026923
0.402000 2.852490 0.028566
0.403000 2.813005 0.024511
0.404000 2.832195 0.025678
0.405000 2.797741 0.026496
0.406000 2.802873 0.024435
0.407000 2.791267 0.024907
0.408000 2.781650 0.022243
0.409000 2.741671 0.021077
0.410000 2.747673 0.020992
0.411000 2.730570 0.025445
0.412000 2.691891 0.021051
0.413000 2.689423 0.022574
0.414000 2.684241 0.022113
0.415000 2.651996 0.024229
0.416000 2.621719 0.022173
0.417000 2.530752 0.022020
0.418000 2.551642 0.023300
0.419000 2.490594 0.020031
0.420000 2.467614 0.024560
0.421000 2.385793 0.019874
0.422000 2.324387 0.021845
0.423000 2.315431 0.021407
0.424000 2.296561 0.021177
0.425000 2.190742 0.025696
0.426000 2.103903 0.021319
0.427000 2.026509 0.021664
0.428000 1.926639 0.019047
0.429000 1.969721 0.027212
0.430000 1.791376 0.012304
0.430500 1.747604 0.014007
0.431000 1.744635 0.014324
0.431500 1.732014 0.010405
0.432000 1.705431 0.012495
0.432500 1.704949 0.013742
0.433000 1.570797 0.010348
0.433500 1.568436 0.010305
0.434000 1.567567 0.012815
0.434500 1.506392 0.009597
0.435000 1.394946 0.008228
0.435500 1.444819 0.009546
0.436000 1.454119 0.012834
0.436500 1.382437 0.006762
0.437000 1.297033 0.007629
0.437500 1.331819 0.007026
0.438000 1.314079 0.008777
0.438500 1.236002 0.005916
0.439000 1.302482 0.008267
0.439500 1.250024 0.007040
0.440000 1.181352 0.004607
0.440500 1.214005 0.008079
0.441000 1.179028 0.005719
0.441500 1.150087 0.005070
0.442000 1.123988 0.004238
0.442500 1.134181 0.004638
0.443000 1.115370 0.003609
0.443500 1.086109 0.002454
0.444000 1.087031 0.002499
0.444500 1.098857 0.002341
0.445000 1.071846 0.001849
0.445500 1.053688 0.000831
0.446000 1.054744 0.001389
0.446500 1.068047 0.002924
0.447000 1.042367 0.000834
0.447500 1.039287 0.001107
0.448000 1.038141 0.000962
0.448500 1.046911 0.002230
0.449000 1.036170 0.000742
0.449500 1.039138 0.001600
0.450000 1.034304 0.001780
0.450500 1.034421 0.001103
0.460000 1.010603 0.000385
0.470000 1.003864 0.000047
0.480000 1.002272 0.000026
0.400500 2.870691 0.024211
0.401500 2.845458 0.025711
0.402500 2.832903 0.029081
0.403500 2.803917 0.022343
0.404500 2.812050 0.021945
0.405500 2.773670 0.023004
0.406500 2.784746 0.026580
0.407500 2.787512 0.023123
0.408500 2.741515 0.022484
0.409500 2.775806 0.023604
0.410500 2.750854 0.024158
0.411500 2.741407 0.025356
0.412500 2.668715 0.018567
0.413500 2.665179 0.022915
0.414500 2.642635 0.019841
0.415500 2.634309 0.025054
0.416500 2.576468 0.024946
0.417500 2.525456 0.023018
0.418500 2.544640 0.022460
0.419500 2.458599 0.021784
0.420500 2.423962 0.022719
0.421500 2.416278 0.025211
0.422500 2.315919 0.023158
0.423500 2.281870 0.021031
0.424500 2.242457 0.021993
0.425500 2.159325 0.020703
0.426500 2.097158 0.023417
0.427500 2.037663 0.019884
0.428500 1.945107 0.024190
0.429500 1.857914 0.019894
