0.340000 2.939127 0.046228
0.341000 2.939213 0.045689
0.342000 2.912062 0.045002
0.343000 2.974379 0.052775
0.344000 2.957121 0.046341
0.345000 3.000703 0.054781
0.346000 3.000256 0.051774
0.347000 2.917820 0.052032
0.348000 3.032825 0.055034
0.349000 2.930028 0.047724
0.350000 2.917252 0.041219
0.351000 2.962979 0.047469
0.352000 2.892692 0.049688
0.353000 2.981611 0.053416
0.354000 2.900019 0.049499
0.355000 2.919906 0.044651
0.356000 2.955651 0.046013
0.357000 3.088750 0.048304
0.358000 2.875763 0.039582
0.359000 2.970566 0.051327
0.360000 2.955502 0.053513
0.361000 2.967521 0.046033
0.362000 2.940483 0.043350
0.363000 2.850057 0.038917
0.364000 3.035156 0.053086
0.365000 2.912413 0.053729
0.366000 2.901239 0.042451
0.367000 2.910351 0.045435
0.368000 2.921443 0.060486
0.369000 2.900827 0.046845
0.370000 2.893101 0.041831
0.371000 2.924552 0.043934
0.372000 2.862461 0.044435
0.373000 2.884593 0.045351
0.374000 2.914812 0.043317
0.375000 2.945831 0.039942
0.376000 2.879361 0.051206
0.377000 2.837883 0.043884
0.378000 2.841845 0.046902
0.379000 2.979282 0.057097
0.380000 2.914351 0.054800
0.381000 2.949911 0.045916
0.382000 2.827592 0.043412
0.383000 2.877392 0.044425
0.384000 2.836929 0.046438
0.385000 2.825188 0.040565
0.386000 2.873733 0.040140
0.387000 2.806289 0.037757
0.388000 2.827080 0.039844
0.389000 2.776176 0.037744
0.390000 2.835872 0.047626
0.391000 2.814301 0.040580
0.392000 2.839429 0.045960
0.393000 2.807659 0.040047
0.394000 2.746121 0.036294
0.395000 2.824804 0.042399
0.396000 2.887798 0.042961
0.397000 2.790314 0.040841
0.398000 2.755782 0.036356
0.399000 2.706071 0.034856
0.400000 2.724646 0.037455
0.400500 2.768677 0.043592
0.401000 2.690252 0.034165
0.401500 2.705069 0.038718
0.402000 2.694667 0.039639
0.402500 2.701883 0.036913
0.403000 2.637928 0.033049
0.403500 2.648840 0.036144
0.404000 2.689222 0.034785
0.404500 2.631493 0.034181
0.405000 2.721589 0.044540
0.405500 2.630761 0.039449
0.406000 2.621647 0.033902
0.406500 2.659570 0.034026
0.407000 2.564274 0.030474
0.407500 2.632702 0.035649
0.408000 2.638529 0.046677
0.408500 2.607112 0.033998
0.409000 2.577260 0.029422
0.409500 2.515188 0.030625
0.410000 2.575251 0.033527
0.410500 2.550619 0.044577
0.411000 2.502679 0.034602
0.411500 2.467882 0.029951
0.412000 2.432332 0.028296
0.412500 2.538042 0.031330
0.413000 2.524457 0.033372
0.413500 2.429510 0.028205
0.414000 2.415910 0.030610
0.414500 2.401134 0.027115
0.415000 2.417669 0.031670
0.415500 2.351473 0.027823
0.416000 2.369155 0.032886
0.416500 2.287107 0.028485
0.417000 2.321816 0.033213
0.417500 2.319127 0.030884
0.418000 2.299872 0.027109
0.418500 2.252615 0.026642
0.419000 2.210426 0.027266
0.419500 2.225716 0.027436
0.420000 2.189146 0.026476
0.420500 2.163751 0.027525
0.421000 2.156169 0.027586
0.421500 2.099712 0.027799
0.422000 2.053049 0.025245
0.422500 2.103402 0.028869
0.423000 2.040071 0.025254
0.423500 1.986611 0.028777
0.424000 1.963959 0.024771
0.424500 1.955921 0.028553
0.425000 1.961030 0.024562
0.425500 1.897219 0.029762
0.426000 1.845074 0.023820
0.426500 1.862270 0.026888
0.427000 1.820526 0.024098
0.427500 1.786513 0.023260
0.428000 1.704622 0.028612
0.428500 1.692485 0.023800
0.429000 1.734054 0.023741
0.429500 1.631108 0.021706
0.430000 1.656078 0.021891
0.430500 1.599036 0.022662
0.431000 1.583506 0.026726
0.431500 1.570075 0.020446
0.432000 1.485723 0.020049
0.432500 1.504858 0.018197
0.433000 1.458621 0.023928
0.433500 1.445464 0.020339
0.434000 1.389547 0.016758
0.434500 1.349340 0.015595
0.435000 1.331604 0.014506
0.435500 1.338301 0.012236
0.436000 1.311439 0.013052
0.436500 1.336663 0.013589
0.437000 1.254182 0.011609
0.437500 1.249517 0.010417
0.438000 1.239379 0.011548
0.438500 1.196314 0.012479
0.439000 1.230459 0.013663
0.439500 1.215343 0.010164
0.440000 1.200140 0.010686
0.440500 1.178326 0.008455
0.441000 1.167364 0.008313
0.441500 1.136828 0.009130
0.442000 1.143464 0.008810
0.442500 1.143644 0.008903
0.443000 1.108180 0.006207
0.443500 1.118308 0.008847
0.444000 1.098937 0.006779
0.444500 1.108436 0.005848
0.445000 1.101181 0.007023
0.445500 1.086699 0.006184
0.446000 1.097158 0.008842
0.446500 1.079504 0.005111
0.447000 1.070923 0.004286
0.447500 1.054730 0.002658
0.448000 1.067276 0.005069
0.448500 1.041197 0.001997
0.449000 1.041424 0.002035
0.449500 1.044599 0.002262
0.450000 1.050549 0.003556
0.451000 1.040359 0.003705
0.452000 1.032096 0.001241
0.453000 1.030879 0.001772
0.454000 1.032300 0.002400
0.455000 1.021483 0.000788
0.456000 1.022461 0.000910
0.457000 1.019313 0.000898
0.458000 1.018344 0.000789
0.459000 1.016906 0.001083
0.460000 1.014693 0.000579
0.461000 1.013624 0.000395
0.462000 1.011926 0.000329
0.463000 1.012091 0.000392
0.464000 1.011002 0.000447
0.465000 1.011560 0.000487
0.466000 1.010119 0.000491
0.467000 1.009120 0.000305
0.468000 1.009472 0.000585
0.469000 1.007916 0.000334
0.470000 1.007722 0.000309
0.471000 1.007124 0.000203
0.472000 1.006407 0.000170
0.473000 1.005611 0.000152
0.474000 1.005329 0.000134
0.475000 1.005231 0.000170
0.476000 1.004644 0.000094
0.477000 1.004614 0.000112
0.478000 1.004585 0.000118
0.479000 1.004168 0.000098
0.480000 1.004013 0.000101
