0.340000 2.991066 0.051927
0.341000 2.952731 0.044216
0.342000 3.011269 0.043506
0.343000 2.954093 0.048372
0.344000 2.963629 0.045443
0.345000 2.945089 0.053427
0.346000 3.037306 0.063364
0.347000 2.925368 0.045784
0.348000 2.991474 0.061752
0.349000 2.998657 0.055153
0.350000 2.967427 0.064077
0.351000 2.962196 0.048627
0.352000 2.935878 0.063339
0.353000 2.973309 0.043757
0.354000 2.933574 0.050750
0.355000 2.991790 0.064425
0.356000 3.001240 0.052992
0.357000 2.965178 0.053048
0.358000 3.017224 0.053342
0.359000 3.022076 0.060051
0.360000 2.893046 0.043248
0.361000 2.939335 0.047443
0.362000 2.928266 0.037379
0.363000 2.948843 0.051796
0.364000 2.921668 0.050670
0.365000 2.891651 0.043859
0.366000 2.956308 0.047720
0.367000 2.962069 0.048882
0.368000 2.954951 0.044657
0.369000 2.913423 0.052327
0.370000 2.866403 0.045295
0.371000 2.883789 0.044483
0.372000 2.896190 0.046419
0.373000 3.017771 0.046995
0.374000 2.906494 0.042589
0.375000 2.971464 0.045292
0.376000 2.910673 0.047932
0.377000 2.965712 0.046626
0.378000 2.888429 0.045544
0.379000 2.890908 0.041948
0.380000 2.974925 0.056145
0.381000 2.929101 0.048933
0.382000 2.888549 0.046927
0.383000 2.935129 0.059466
0.384000 2.822414 0.040985
0.385000 2.867134 0.039542
0.386000 2.969531 0.045142
0.387000 2.889891 0.045864
0.388000 2.842192 0.045427
0.389000 2.883641 0.047085
0.390000 2.893391 0.043367
0.391000 2.890353 0.037541
0.392000 2.871608 0.043757
0.393000 2.879640 0.051296
0.394000 2.880092 0.041811
0.395000 2.836081 0.040322
0.396000 2.873541 0.042601
0.397000 2.839909 0.038718
0.398000 2.798904 0.040258
0.399000 2.808522 0.037388
0.400000 2.745802 0.037347
0.400500 2.843537 0.039343
0.401000 2.777765 0.041214
0.401500 2.747268 0.039424
0.402000 2.793129 0.045385
0.402500 2.731521 0.038978
0.403000 2.835073 0.039446
0.403500 2.715189 0.037849
0.404000 2.740354 0.039003
0.404500 2.823260 0.040859
0.405000 2.734388 0.036621
0.405500 2.681105 0.037844
0.406000 2.747547 0.039521
0.406500 2.654998 0.033579
0.407000 2.660287 0.036616
0.407500 2.657627 0.032375
0.408000 2.677432 0.031963
0.408500 2.700889 0.034912
0.409000 2.669048 0.037722
0.409500 2.697252 0.034484
0.410000 2.635382 0.035175
0.410500 2.655268 0.035839
0.411000 2.643679 0.040828
0.411500 2.572594 0.033270
0.412000 2.611496 0.040718
0.412500 2.559571 0.041943
0.413000 2.589409 0.032823
0.413500 2.501280 0.031834
0.414000 2.489812 0.033081
0.414500 2.489526 0.031021
0.415000 2.471994 0.032545
0.415500 2.473445 0.034177
0.416000 2.447235 0.038948
0.416500 2.420333 0.032968
0.417000 2.464707 0.035793
0.417500 2.426906 0.034129
0.418000 2.367205 0.028342
0.418500 2.318917 0.028192
0.419000 2.335017 0.029298
0.419500 2.309424 0.028630
0.420000 2.318830 0.032905
0.420500 2.242561 0.031117
0.421000 2.204687 0.030922
0.421500 2.192612 0.032482
0.422000 2.227877 0.039719
0.422500 2.143273 0.032672
0.423000 2.176407 0.030818
0.423500 2.111544 0.029595
0.424000 2.092205 0.030229
0.424500 2.057409 0.027520
0.425000 1.977830 0.028400
0.425500 2.006040 0.028252
0.426000 1.931580 0.028455
0.426500 1.956896 0.034593
0.427000 1.820845 0.025171
0.427500 1.838112 0.029414
0.428000 1.842230 0.025110
0.428500 1.804747 0.024269
0.429000 1.720427 0.029290
0.429500 1.702962 0.032819
0.430000 1.683374 0.034093
0.430500 1.631939 0.020873
0.431000 1.544264 0.020978
0.431500 1.579863 0.021822
0.432000 1.538963 0.024533
0.432500 1.476857 0.019840
0.433000 1.503126 0.017804
0.433500 1.501856 0.027162
0.434000 1.479124 0.023103
0.434500 1.398045 0.017367
0.435000 1.442804 0.018478
0.435500 1.387658 0.017774
0.436000 1.304364 0.012439
0.436500 1.309437 0.014983
0.437000 1.279404 0.015037
0.437500 1.246216 0.013661
0.438000 1.320921 0.017666
0.438500 1.240176 0.013537
0.439000 1.202813 0.012713
0.439500 1.242583 0.015376
0.440000 1.231259 0.013581
0.440500 1.180131 0.012039
0.441000 1.128784 0.007236
0.441500 1.153914 0.012214
0.442000 1.107266 0.005702
0.442500 1.141776 0.010391
0.443000 1.102506 0.006372
0.443500 1.089897 0.006447
0.444000 1.109113 0.008463
0.444500 1.094325 0.007396
0.445000 1.069894 0.003591
0.445500 1.073737 0.003680
0.446000 1.067649 0.005417
0.446500 1.060573 0.003198
0.447000 1.052134 0.003281
0.447500 1.054405 0.004727
0.448000 1.054256 0.003696
0.448500 1.059173 0.004244
0.449000 1.042717 0.002566
0.449500 1.045738 0.003317
0.450000 1.034056 0.001609
0.451000 1.034174 0.002969
0.452000 1.027039 0.001159
0.453000 1.027193 0.001298
0.454000 1.024048 0.002694
0.455000 1.019413 0.000756
0.456000 1.021975 0.002513
0.457000 1.016639 0.000591
0.458000 1.015018 0.000529
0.459000 1.013990 0.000833
0.460000 1.014085 0.000724
0.461000 1.011689 0.000606
0.462000 1.011457 0.000646
0.463000 1.009895 0.000412
0.464000 1.008202 0.000212
0.465000 1.008118 0.000227
0.466000 1.008107 0.000371
0.467000 1.006628 0.000153
0.468000 1.006663 0.000181
0.469000 1.006267 0.000205
0.470000 1.005897 0.000139
0.471000 1.006161 0.000304
0.472000 1.005163 0.000129
0.473000 1.004938 0.000145
0.474000 1.004410 0.000117
0.475000 1.004335 0.000120
0.476000 1.004167 0.000110
0.477000 1.003830 0.000111
0.478000 1.003671 0.000090
0.479000 1.003533 0.000078
0.480000 1.003222 0.000071
