0.340000 2.674190 0.032715
0.341000 2.615355 0.030727
0.342000 2.721809 0.042802
0.343000 2.660370 0.031142
0.344000 2.561940 0.035555
0.345000 2.649501 0.034748
0.346000 2.635935 0.027962
0.347000 2.623701 0.028911
0.348000 2.636918 0.028590
0.349000 2.587508 0.033309
0.350000 2.544130 0.028467
0.351000 2.583197 0.028835
0.352000 2.517132 0.029985
0.353000 2.576524 0.026535
0.354000 2.551365 0.036196
0.355000 2.534050 0.027959
0.356000 2.499342 0.030122
0.357000 2.503439 0.027291
0.358000 2.522341 0.028520
0.359000 2.496983 0.026280
0.360000 2.443538 0.024825
0.361000 2.485229 0.024429
0.362000 2.436603 0.023976
0.363000 2.438597 0.028097
0.364000 2.411758 0.023612
0.365000 2.374986 0.024062
0.366000 2.439085 0.026690
0.367000 2.419345 0.029855
0.368000 2.336802 0.024481
0.369000 2.367090 0.025104
0.370000 2.351834 0.025683
0.371000 2.345901 0.021157
0.372000 2.309575 0.022730
0.373000 2.303585 0.023182
0.374000 2.311512 0.022642
0.375000 2.293626 0.020741
0.376000 2.252281 0.021227
0.377000 2.227928 0.021221
0.378000 2.234959 0.021491
0.379000 2.206937 0.019139
0.380000 2.195270 0.020433
0.381000 2.136129 0.018486
0.382000 2.149238 0.018438
0.383000 2.116608 0.017891
0.384000 2.127882 0.017645
0.385000 2.067599 0.017594
0.386000 2.101760 0.019190
0.387000 2.087042 0.017512
0.388000 2.038859 0.014229
0.389000 1.995356 0.014493
0.390000 2.010093 0.016103
0.391000 1.979498 0.016496
0.392000 1.949078 0.016169
0.393000 1.952591 0.015294
0.394000 1.902588 0.013536
0.395000 1.907126 0.013799
0.396000 1.871697 0.013354
0.397000 1.858296 0.015832
0.398000 1.839731 0.015172
0.399000 1.827979 0.014001
0.400000 1.805310 0.013081
0.400500 1.774926 0.012776
0.401000 1.763606 0.012679
0.401500 1.774624 0.012756
0.402000 1.748473 0.012004
0.402500 1.726398 0.011351
0.403000 1.736063 0.010722
0.403500 1.704126 0.011671
0.404000 1.718818 0.011002
0.404500 1.709127 0.011667
0.405000 1.690772 0.011459
0.405500 1.676324 0.010702
0.406000 1.667981 0.010482
0.406500 1.659975 0.012315
0.407000 1.652452 0.011650
0.407500 1.633148 0.009648
0.408000 1.620267 0.010593
0.408500 1.636780 0.010514
0.409000 1.608587 0.011251
0.409500 1.608328 0.009866
0.410000 1.588704 0.010758
0.410500 1.577718 0.009586
0.411000 1.572997 0.009346
0.411500 1.564554 0.008533
0.412000 1.563244 0.009260
0.412500 1.535910 0.010363
0.413000 1.536279 0.009144
0.413500 1.515548 0.008461
0.414000 1.502930 0.008616
0.414500 1.509492 0.008694
0.415000 1.490688 0.007982
0.415500 1.492954 0.008462
0.416000 1.489216 0.008740
0.416500 1.464330 0.007585
0.417000 1.457232 0.007102
0.417500 1.449847 0.007655
0.418000 1.435695 0.006797
0.418500 1.437808 0.009453
0.419000 1.432870 0.007777
0.419500 1.412489 0.007221
0.420000 1.411404 0.007995
0.420500 1.406712 0.008063
0.421000 1.383852 0.007094
0.421500 1.376150 0.006834
0.422000 1.371287 0.007210
0.422500 1.379622 0.006606
0.423000 1.362052 0.006413
0.423500 1.366042 0.007065
0.424000 1.354128 0.006412
0.424500 1.350690 0.005595
0.425000 1.335437 0.006394
0.425500 1.330196 0.006319
0.426000 1.334692 0.007431
0.426500 1.315504 0.005212
0.427000 1.302394 0.006006
0.427500 1.298742 0.005690
0.428000 1.301100 0.006072
0.428500 1.296499 0.006055
0.429000 1.272751 0.005411
0.429500 1.276037 0.004965
0.430000 1.269694 0.005028
0.430500 1.270103 0.005435
0.431000 1.257980 0.006005
0.431500 1.253442 0.004997
0.432000 1.251689 0.005543
0.432500 1.246872 0.005081
0.433000 1.235961 0.005428
0.433500 1.230907 0.004839
0.434000 1.224851 0.004716
0.434500 1.219504 0.005466
0.435000 1.217282 0.004843
0.435500 1.208209 0.003951
0.436000 1.203635 0.003905
0.436500 1.204329 0.004014
0.437000 1.199936 0.004584
0.437500 1.193771 0.003577
0.438000 1.186188 0.003793
0.438500 1.176561 0.004406
0.439000 1.171183 0.004200
0.439500 1.173710 0.004278
0.440000 1.169177 0.003967
0.440500 1.170903 0.003908
0.441000 1.162807 0.003694
0.441500 1.160656 0.003523
0.442000 1.154436 0.003327
0.442500 1.146848 0.003902
0.443000 1.155706 0.003576
0.443500 1.147633 0.003381
0.444000 1.136974 0.002870
0.444500 1.135118 0.003009
0.445000 1.130866 0.003070
0.445500 1.129983 0.002934
0.446000 1.126915 0.003105
0.446500 1.124525 0.003462
0.447000 1.120208 0.002782
0.447500 1.118277 0.003113
0.448000 1.118232 0.003117
0.448500 1.113056 0.002631
0.449000 1.114207 0.002609
0.449500 1.107628 0.002718
0.450000 1.111393 0.002722
0.451000 1.099849 0.002396
0.452000 1.094128 0.002144
0.453000 1.087471 0.002161
0.454000 1.088049 0.002641
0.455000 1.084655 0.002351
0.456000 1.077950 0.002065
0.457000 1.075190 0.002019
0.458000 1.072809 0.002084
0.459000 1.067724 0.001735
0.460000 1.064987 0.001975
0.461000 1.064486 0.001820
0.462000 1.062113 0.002035
0.463000 1.056839 0.001717
0.464000 1.052659 0.001352
0.465000 1.053834 0.001656
0.466000 1.050484 0.001504
0.467000 1.046614 0.001366
0.468000 1.043679 0.001174
0.469000 1.046780 0.001429
0.470000 1.043009 0.001402
0.471000 1.039530 0.001135
0.472000 1.037045 0.001112
0.473000 1.036383 0.001057
0.474000 1.035582 0.001155
0.475000 1.033769 0.001132
0.476000 1.032439 0.000875
0.477000 1.031058 0.000905
0.478000 1.030772 0.000941
0.479000 1.029875 0.001026
0.480000 1.026994 0.000873
