0.340000 2.870440 0.044232
0.341000 2.871953 0.037493
0.342000 2.857761 0.039463
0.343000 2.857035 0.037955
0.344000 2.876427 0.042337
0.345000 2.940447 0.064378
0.346000 2.908989 0.052950
0.347000 2.879320 0.055561
0.348000 2.867796 0.039786
0.349000 2.863077 0.045315
0.350000 2.840255 0.044262
0.351000 2.853714 0.042219
0.352000 2.772176 0.040191
0.353000 2.848541 0.041053
0.354000 2.809932 0.038414
0.355000 2.865224 0.044452
0.356000 2.759461 0.034486
0.357000 2.767027 0.036123
0.358000 2.803366 0.053535
0.359000 2.818160 0.043228
0.360000 2.790376 0.037857
0.361000 2.781835 0.037884
0.362000 2.801255 0.037088
0.363000 2.812770 0.038942
0.364000 2.800350 0.039889
0.365000 2.726511 0.042921
0.366000 2.699760 0.033314
0.367000 2.691946 0.034554
0.368000 2.810834 0.047430
0.369000 2.743525 0.038168
0.370000 2.757700 0.035037
0.371000 2.669566 0.030945
0.372000 2.782689 0.039938
0.373000 2.715480 0.035953
0.374000 2.689509 0.033840
0.375000 2.714185 0.036268
0.376000 2.683190 0.040599
0.377000 2.665235 0.033052
0.378000 2.667842 0.031781
0.379000 2.626322 0.031891
0.380000 2.627294 0.041490
0.381000 2.621969 0.029185
0.382000 2.588480 0.027543
0.383000 2.619905 0.030426
0.384000 2.577473 0.037204
0.385000 2.583774 0.030640
0.386000 2.554622 0.029642
0.387000 2.528617 0.029306
0.388000 2.529548 0.025443
0.389000 2.470548 0.024229
0.390000 2.483728 0.029504
0.391000 2.486692 0.026273
0.392000 2.462837 0.027079
0.393000 2.466394 0.030819
0.394000 2.475563 0.027306
0.395000 2.426094 0.024963
0.396000 2.357850 0.024271
0.397000 2.365332 0.023956
0.398000 2.324452 0.021560
0.399000 2.296943 0.025872
0.400000 2.287401 0.021647
0.400500 2.272367 0.022085
0.401000 2.267757 0.022133
0.401500 2.238844 0.019570
0.402000 2.220959 0.020413
0.402500 2.200612 0.022626
0.403000 2.214754 0.023475
0.403500 2.200997 0.023692
0.404000 2.164743 0.021469
0.404500 2.147184 0.019295
0.405000 2.157008 0.022982
0.405500 2.119017 0.020147
0.406000 2.132739 0.017688
0.406500 2.123907 0.018302
0.407000 2.090332 0.017018
0.407500 2.066891 0.017722
0.408000 2.055680 0.017237
0.408500 2.044444 0.018731
0.409000 2.039717 0.018879
0.409500 1.990477 0.018611
0.410000 1.986854 0.019867
0.410500 1.997873 0.017245
0.411000 1.953848 0.017668
0.411500 1.956861 0.015978
0.412000 1.939176 0.019271
0.412500 1.917598 0.016686
0.413000 1.904313 0.015331
0.413500 1.916531 0.018818
0.414000 1.899241 0.017195
0.414500 1.857229 0.015919
0.415000 1.828081 0.015511
0.415500 1.813570 0.014702
0.416000 1.794146 0.016325
0.416500 1.772557 0.013783
0.417000 1.777185 0.014450
0.417500 1.738790 0.014445
0.418000 1.709812 0.013657
0.418500 1.710791 0.013875
0.419000 1.694661 0.015342
0.419500 1.681263 0.014669
0.420000 1.662134 0.014014
0.420500 1.650314 0.011752
0.421000 1.629770 0.015107
0.421500 1.630814 0.014206
0.422000 1.566143 0.011271
0.422500 1.588463 0.012470
0.423000 1.566059 0.011967
0.423500 1.565681 0.012900
0.424000 1.541557 0.012657
0.424500 1.504682 0.010876
0.425000 1.485370 0.011408
0.425500 1.483365 0.011326
0.426000 1.473958 0.010862
0.426500 1.465812 0.010346
0.427000 1.446944 0.009909
0.427500 1.432252 0.010166
0.428000 1.400435 0.009449
0.428500 1.395809 0.009975
0.429000 1.401452 0.009703
0.429500 1.380069 0.008819
0.430000 1.360937 0.008483
0.430500 1.351547 0.008698
0.431000 1.343936 0.008581
0.431500 1.318166 0.008037
0.432000 1.323401 0.010538
0.432500 1.311193 0.009304
0.433000 1.304939 0.007957
0.433500 1.290726 0.008255
0.434000 1.288869 0.008571
0.434500 1.269137 0.007322
0.435000 1.255069 0.007258
0.435500 1.260536 0.006828
0.436000 1.237987 0.006421
0.436500 1.225901 0.006493
0.437000 1.226059 0.006017
0.437500 1.219901 0.005948
0.438000 1.211520 0.006528
0.438500 1.187734 0.005724
0.439000 1.183978 0.005497
0.439500 1.183592 0.005791
0.440000 1.181034 0.006230
0.440500 1.163270 0.007028
0.441000 1.164896 0.005879
0.441500 1.154667 0.004461
0.442000 1.152420 0.004884
0.442500 1.145943 0.004821
0.443000 1.137709 0.004627
0.443500 1.131882 0.004480
0.444000 1.126838 0.003753
0.444500 1.124426 0.004276
0.445000 1.116729 0.004116
0.445500 1.111907 0.003768
0.446000 1.108967 0.004109
0.446500 1.101955 0.003346
0.447000 1.097886 0.004106
0.447500 1.094696 0.003320
0.448000 1.093153 0.003059
0.448500 1.091823 0.003203
0.449000 1.086391 0.002830
0.449500 1.082340 0.002721
0.450000 1.078645 0.003108
0.451000 1.076419 0.003072
0.452000 1.067501 0.002720
0.453000 1.066175 0.002768
0.454000 1.060701 0.002198
0.455000 1.056080 0.002454
0.456000 1.051483 0.001811
0.457000 1.047247 0.002247
0.458000 1.042738 0.001908
0.459000 1.041035 0.001662
0.460000 1.037473 0.001700
0.461000 1.034481 0.000983
0.462000 1.032625 0.001054
0.463000 1.031649 0.001275
0.464000 1.029036 0.001133
0.465000 1.028247 0.001224
0.466000 1.026033 0.001304
0.467000 1.023700 0.001018
0.468000 1.022965 0.001106
0.469000 1.020519 0.000794
0.470000 1.020510 0.000826
0.471000 1.019478 0.000724
0.472000 1.018627 0.000722
0.473000 1.016603 0.000521
0.474000 1.016148 0.000583
0.475000 1.015708 0.000572
0.476000 1.014778 0.000446
0.477000 1.013515 0.000418
0.478000 1.013432 0.000485
0.479000 1.012601 0.000580
0.480000 1.012036 0.000372
