0.340000 2.305853 0.026299
0.341000 2.313713 0.023343
0.342000 2.327313 0.023956
0.343000 2.268553 0.020209
0.344000 2.261795 0.023486
0.345000 2.302849 0.025759
0.346000 2.265740 0.021049
0.347000 2.234183 0.022473
0.348000 2.238427 0.021472
0.349000 2.212511 0.022371
0.350000 2.210423 0.021422
0.351000 2.201046 0.023646
0.352000 2.177345 0.021553
0.353000 2.155926 0.029873
0.354000 2.147409 0.021310
0.355000 2.141456 0.018190
0.356000 2.142699 0.021060
0.357000 2.135526 0.021144
0.358000 2.103833 0.018245
0.359000 2.087069 0.020618
0.360000 2.063410 0.020969
0.361000 2.072873 0.019664
0.362000 2.023897 0.018270
0.363000 2.038875 0.019372
0.364000 2.024410 0.018947
0.365000 2.022620 0.017567
0.366000 2.018794 0.019846
0.367000 1.969056 0.019124
0.368000 1.948818 0.019332
0.369000 1.964733 0.017352
0.370000 1.928816 0.018267
0.371000 1.902886 0.018737
0.372000 1.891282 0.016835
0.373000 1.901250 0.017585
0.374000 1.890924 0.019669
0.375000 1.866362 0.017322
0.376000 1.847415 0.017388
0.377000 1.835881 0.018058
0.378000 1.826631 0.017908
0.379000 1.814404 0.016957
0.380000 1.777585 0.017024
0.381000 1.800657 0.016808
0.382000 1.803711 0.016357
0.383000 1.746074 0.016228
0.384000 1.731224 0.015282
0.385000 1.726800 0.014239
0.386000 1.729702 0.015595
0.387000 1.705772 0.015347
0.388000 1.703493 0.016772
0.389000 1.649115 0.015201
0.390000 1.657062 0.014899
0.391000 1.645287 0.014176
0.392000 1.641173 0.013689
0.393000 1.627402 0.014821
0.394000 1.600961 0.016903
0.395000 1.607711 0.013706
0.396000 1.564295 0.013980
0.397000 1.556594 0.013630
0.398000 1.553788 0.013349
0.399000 1.541372 0.012677
0.400000 1.523428 0.012654
0.401000 1.501004 0.012298
0.402000 1.506532 0.015708
0.403000 1.502667 0.012721
0.404000 1.461758 0.012709
0.405000 1.487514 0.012607
0.406000 1.461044 0.012459
0.407000 1.447273 0.011854
0.408000 1.414230 0.013251
0.409000 1.418915 0.012086
0.410000 1.405382 0.011436
0.411000 1.394360 0.010627
0.412000 1.408060 0.012093
0.413000 1.379342 0.011650
0.414000 1.354889 0.011342
0.415000 1.349398 0.010596
0.416000 1.338710 0.010223
0.417000 1.340972 0.009596
0.418000 1.325155 0.010890
0.419000 1.318360 0.011550
0.420000 1.308480 0.008366
0.421000 1.298629 0.008124
0.422000 1.291558 0.010707
0.423000 1.287650 0.009836
0.424000 1.288806 0.009094
0.425000 1.275950 0.010316
0.426000 1.264784 0.008655
0.427000 1.240506 0.007622
0.428000 1.229340 0.008617
0.429000 1.237383 0.007825
0.430000 1.222357 0.008243
0.431000 1.233282 0.007852
0.432000 1.216640 0.007155
0.433000 1.217103 0.006914
0.434000 1.191741 0.005847
0.435000 1.193248 0.006383
0.436000 1.197642 0.007146
0.437000 1.191999 0.007292
0.438000 1.175944 0.007904
0.439000 1.173997 0.006670
0.440000 1.160916 0.006140
0.441000 1.158254 0.006553
0.442000 1.158262 0.006389
0.443000 1.142524 0.005107
0.444000 1.164439 0.006684
0.445000 1.144082 0.006839
0.446000 1.135452 0.005480
0.447000 1.128382 0.005779
0.448000 1.123602 0.005020
0.449000 1.134151 0.005823
0.450000 1.126271 0.004836
0.451000 1.124356 0.004468
0.452000 1.106833 0.004617
0.453000 1.107121 0.004240
0.454000 1.113302 0.005268
0.455000 1.100499 0.004104
0.456000 1.104490 0.004069
0.457000 1.090416 0.003639
0.458000 1.096024 0.003997
0.459000 1.089163 0.003565
0.460000 1.091342 0.003790
0.461000 1.079946 0.003929
0.462000 1.076040 0.003088
0.463000 1.081949 0.003539
0.464000 1.081997 0.003457
0.465000 1.077075 0.003762
0.466000 1.072101 0.003130
0.467000 1.069962 0.003313
0.468000 1.068790 0.003310
0.469000 1.064323 0.003010
0.470000 1.061765 0.002571
0.471000 1.061840 0.002790
0.472000 1.063111 0.002890
0.473000 1.057312 0.003005
0.474000 1.055130 0.002498
0.475000 1.056533 0.002870
0.476000 1.052472 0.002698
0.477000 1.053925 0.002499
0.478000 1.048311 0.002107
0.479000 1.048510 0.002567
0.480000 1.050701 0.002697
