0.340000 2.954393 0.051928
0.341000 2.970210 0.052694
0.342000 2.851233 0.044553
0.343000 2.873350 0.040957
0.344000 2.934305 0.040844
0.345000 2.882982 0.048270
0.346000 2.910783 0.050224
0.347000 2.987154 0.060125
0.348000 2.915284 0.044582
0.349000 2.906538 0.044131
0.350000 2.810489 0.040793
0.351000 2.805372 0.041033
0.352000 2.799365 0.039093
0.353000 2.930902 0.056355
0.354000 2.844912 0.043447
0.355000 2.880353 0.047520
0.356000 2.843845 0.038261
0.357000 2.893170 0.041980
0.358000 2.865337 0.041113
0.359000 2.882288 0.045210
0.360000 2.836931 0.051452
0.361000 2.886215 0.046302
0.362000 2.799486 0.038498
0.363000 2.836754 0.045714
0.364000 2.846314 0.039572
0.365000 2.846020 0.043301
0.366000 2.859026 0.041035
0.367000 2.800487 0.046869
0.368000 2.851497 0.040761
0.369000 2.795608 0.046990
0.370000 2.784288 0.043383
0.371000 2.809438 0.041881
0.372000 2.800680 0.038099
0.373000 2.841542 0.044298
0.374000 2.820398 0.049187
0.375000 2.819032 0.038731
0.376000 2.745476 0.032977
0.377000 2.790572 0.036670
0.378000 2.746799 0.035031
0.379000 2.773641 0.040287
0.380000 2.791196 0.044289
0.381000 2.693001 0.039928
0.382000 2.730611 0.036185
0.383000 2.724664 0.033319
0.384000 2.721811 0.040823
0.385000 2.710992 0.047639
0.386000 2.742745 0.033003
0.387000 2.662674 0.032062
0.388000 2.735427 0.033102
0.389000 2.690441 0.028647
0.390000 2.621710 0.031828
0.391000 2.541268 0.028857
0.392000 2.588075 0.030972
0.393000 2.579544 0.028586
0.394000 2.603026 0.028530
0.395000 2.546377 0.028750
0.396000 2.567952 0.029707
0.397000 2.545708 0.029024
0.398000 2.494525 0.029122
0.399000 2.450329 0.026530
0.400000 2.466376 0.023862
0.400500 2.447517 0.026052
0.401000 2.406011 0.028003
0.401500 2.389679 0.024399
0.402000 2.387591 0.024985
0.402500 2.419740 0.024687
0.403000 2.383522 0.025845
0.403500 2.383978 0.025097
0.404000 2.390263 0.023976
0.404500 2.365516 0.023591
0.405000 2.370997 0.024818
0.405500 2.329002 0.023397
0.406000 2.342817 0.024018
0.406500 2.262589 0.020137
0.407000 2.286479 0.022207
0.407500 2.293987 0.026505
0.408000 2.262427 0.025799
0.408500 2.207861 0.021151
0.409000 2.208045 0.022438
0.409500 2.204704 0.020999
0.410000 2.169094 0.021596
0.410500 2.159580 0.021308
0.411000 2.106047 0.020837
0.411500 2.184856 0.027685
0.412000 2.095092 0.024553
0.412500 2.094940 0.020684
0.413000 2.111960 0.020257
0.413500 2.038448 0.019835
0.414000 2.048634 0.020019
0.414500 2.049366 0.018746
0.415000 1.967191 0.018405
0.415500 1.951941 0.018528
0.416000 1.942948 0.018379
0.416500 1.914646 0.021963
0.417000 1.919807 0.018886
0.417500 1.939153 0.018769
0.418000 1.853298 0.017448
0.418500 1.866654 0.016979
0.419000 1.854294 0.018906
0.419500 1.814908 0.016022
0.420000 1.800207 0.016919
0.420500 1.757456 0.016615
0.421000 1.737892 0.015141
0.421500 1.742536 0.015427
0.422000 1.712203 0.016064
0.422500 1.723140 0.014970
0.423000 1.683589 0.014933
0.423500 1.666013 0.013619
0.424000 1.628134 0.015250
0.424500 1.607363 0.014979
0.425000 1.590067 0.014470
0.425500 1.600296 0.014254
0.426000 1.595232 0.015291
0.426500 1.522886 0.013903
0.427000 1.541720 0.014932
0.427500 1.516495 0.013614
0.428000 1.478441 0.012283
0.428500 1.491949 0.015112
0.429000 1.456650 0.012380
0.429500 1.439925 0.012900
0.430000 1.439466 0.011644
0.430500 1.416604 0.011471
0.431000 1.400914 0.012639
0.431500 1.368228 0.010300
0.432000 1.372139 0.011889
0.432500 1.365248 0.010879
0.433000 1.329591 0.009701
0.433500 1.316236 0.009262
0.434000 1.305460 0.009390
0.434500 1.293796 0.009507
0.435000 1.280611 0.008951
0.435500 1.272630 0.009911
0.436000 1.264769 0.008370
0.436500 1.243725 0.008383
0.437000 1.240369 0.008046
0.437500 1.235953 0.008734
0.438000 1.218806 0.007784
0.438500 1.204115 0.007822
0.439000 1.196120 0.006542
0.439500 1.184417 0.007459
0.440000 1.178498 0.007213
0.440500 1.159385 0.005469
0.441000 1.164139 0.007516
0.441500 1.146810 0.006164
0.442000 1.152052 0.005899
0.442500 1.138189 0.005325
0.443000 1.138706 0.005756
0.443500 1.130075 0.005060
0.444000 1.125852 0.005807
0.444500 1.121447 0.004592
0.445000 1.104095 0.004590
0.445500 1.102854 0.004427
0.446000 1.098411 0.003761
0.446500 1.094713 0.004000
0.447000 1.093740 0.003798
0.447500 1.091832 0.003978
0.448000 1.082914 0.003470
0.448500 1.084557 0.004547
0.449000 1.076217 0.002983
0.449500 1.071949 0.003016
0.450000 1.070908 0.003147
0.451000 1.065544 0.002690
0.452000 1.057928 0.002875
0.453000 1.055574 0.002948
0.454000 1.050128 0.002801
0.455000 1.046750 0.002338
0.456000 1.039608 0.001677
0.457000 1.039837 0.002018
0.458000 1.033865 0.001331
0.459000 1.031439 0.001481
0.460000 1.027103 0.000917
0.461000 1.024112 0.000857
0.462000 1.022959 0.000839
0.463000 1.024343 0.001101
0.464000 1.023164 0.001270
0.465000 1.019884 0.000804
0.466000 1.019203 0.000735
0.467000 1.017071 0.000590
0.468000 1.017192 0.000931
0.469000 1.015760 0.000515
0.470000 1.014746 0.000766
0.471000 1.012704 0.000489
0.472000 1.012662 0.000764
0.473000 1.013196 0.000596
0.474000 1.012578 0.000537
0.475000 1.011533 0.000384
0.476000 1.010875 0.000353
0.477000 1.010112 0.000272
0.478000 1.009592 0.000266
0.479000 1.009639 0.000366
0.480000 1.008570 0.000250
