0.340000 2.797478 0.039642
0.341000 2.736096 0.033649
0.342000 2.786559 0.039354
0.343000 2.810668 0.034241
0.344000 2.740510 0.039330
0.345000 2.832386 0.046967
0.346000 2.759069 0.035256
0.347000 2.799855 0.041612
0.348000 2.770816 0.041483
0.349000 2.797486 0.041461
0.350000 2.681644 0.031707
0.351000 2.714166 0.035382
0.352000 2.786906 0.036978
0.353000 2.735267 0.034137
0.354000 2.713863 0.035570
0.355000 2.772404 0.035186
0.356000 2.728954 0.033974
0.357000 2.734435 0.046558
0.358000 2.685887 0.030055
0.359000 2.701486 0.032041
0.360000 2.658560 0.032176
0.361000 2.729306 0.035024
0.362000 2.677093 0.039438
0.363000 2.644472 0.034074
0.364000 2.685173 0.031369
0.365000 2.625044 0.035346
0.366000 2.623318 0.034182
0.367000 2.672378 0.030004
0.368000 2.631452 0.032368
0.369000 2.627119 0.034147
0.370000 2.606568 0.032024
0.371000 2.553205 0.027980
0.372000 2.621709 0.032439
0.373000 2.529860 0.031678
0.374000 2.536435 0.034032
0.375000 2.530590 0.028785
0.376000 2.557441 0.026636
0.377000 2.516665 0.026351
0.378000 2.511942 0.027227
0.379000 2.510819 0.026178
0.380000 2.412500 0.023347
0.381000 2.417206 0.026983
0.382000 2.432214 0.026242
0.383000 2.435333 0.024530
0.384000 2.416590 0.022567
0.385000 2.367415 0.022490
0.386000 2.370698 0.023373
0.387000 2.333523 0.021293
0.388000 2.306287 0.023019
0.389000 2.352375 0.023286
0.390000 2.274844 0.020269
0.391000 2.260743 0.021403
0.392000 2.273743 0.019433
0.393000 2.265755 0.023662
0.394000 2.202209 0.018611
0.395000 2.204521 0.023109
0.396000 2.155454 0.018796
0.397000 2.160459 0.017867
0.398000 2.137424 0.017807
0.399000 2.100048 0.019895
0.400000 2.044660 0.019541
0.400500 2.078623 0.016382
0.401000 2.060628 0.017229
0.401500 2.035458 0.016550
0.402000 2.010570 0.017346
0.402500 2.007278 0.017676
0.403000 1.981397 0.017096
0.403500 1.978621 0.016607
0.404000 1.970686 0.015444
0.404500 1.922335 0.014552
0.405000 1.915727 0.014658
0.405500 1.925802 0.013789
0.406000 1.918929 0.014409
0.406500 1.883428 0.013010
0.407000 1.888079 0.014901
0.407500 1.888304 0.019964
0.408000 1.828524 0.015413
0.408500 1.812891 0.014594
0.409000 1.839739 0.014218
0.409500 1.812195 0.012104
0.410000 1.814930 0.014899
0.410500 1.784631 0.013581
0.411000 1.803829 0.012801
0.411500 1.767806 0.013182
0.412000 1.758602 0.016158
0.412500 1.717386 0.012551
0.413000 1.713334 0.012451
0.413500 1.693026 0.010141
0.414000 1.689847 0.015206
0.414500 1.659031 0.011740
0.415000 1.655419 0.011503
0.415500 1.663832 0.012455
0.416000 1.623869 0.010993
0.416500 1.629678 0.013735
0.417000 1.601145 0.010764
0.417500 1.578435 0.009347
0.418000 1.574345 0.010461
0.418500 1.581700 0.012220
0.419000 1.556081 0.011400
0.419500 1.540698 0.009177
0.420000 1.543800 0.009694
0.420500 1.526931 0.010876
0.421000 1.508096 0.008601
0.421500 1.503527 0.009485
0.422000 1.477118 0.009406
0.422500 1.468314 0.009597
0.423000 1.463443 0.008679
0.423500 1.450531 0.008556
0.424000 1.452816 0.009069
0.424500 1.438805 0.008843
0.425000 1.421977 0.008328
0.425500 1.412794 0.007462
0.426000 1.388160 0.008009
0.426500 1.390808 0.008290
0.427000 1.372310 0.007820
0.427500 1.379874 0.007725
0.428000 1.357247 0.007338
0.428500 1.344460 0.006910
0.429000 1.330561 0.006680
0.429500 1.325471 0.007593
0.430000 1.307407 0.007446
0.430500 1.308497 0.007450
0.431000 1.295836 0.006639
0.431500 1.296225 0.006651
0.432000 1.277299 0.006571
0.432500 1.276994 0.006922
0.433000 1.274249 0.007493
0.433500 1.255880 0.005701
0.434000 1.253622 0.005561
0.434500 1.245601 0.005489
0.435000 1.235837 0.005484
0.435500 1.239679 0.005178
0.436000 1.232670 0.005797
0.436500 1.208836 0.005368
0.437000 1.212896 0.005377
0.437500 1.198733 0.004827
0.438000 1.197465 0.005275
0.438500 1.187873 0.004868
0.439000 1.185401 0.004644
0.439500 1.174538 0.004495
0.440000 1.180924 0.004750
0.440500 1.169391 0.004898
0.441000 1.163228 0.004367
0.441500 1.158955 0.004719
0.442000 1.153960 0.004376
0.442500 1.148021 0.003917
0.443000 1.142664 0.004307
0.443500 1.137280 0.003967
0.444000 1.139160 0.003361
0.444500 1.130706 0.003470
0.445000 1.131933 0.003894
0.445500 1.123465 0.003472
0.446000 1.112061 0.002983
0.446500 1.116925 0.003675
0.447000 1.107984 0.002967
0.447500 1.106664 0.003071
0.448000 1.103930 0.003040
0.448500 1.102339 0.003216
0.449000 1.096586 0.002937
0.449500 1.092420 0.003110
0.450000 1.097740 0.002845
0.451000 1.088384 0.003010
0.452000 1.084576 0.002922
0.453000 1.077583 0.002271
0.454000 1.066990 0.002136
0.455000 1.069658 0.002480
0.456000 1.063941 0.002296
0.457000 1.060930 0.002066
0.458000 1.054432 0.001626
0.459000 1.052424 0.001639
0.460000 1.050215 0.001580
0.461000 1.046794 0.001391
0.462000 1.045000 0.001593
0.463000 1.042335 0.001631
0.464000 1.038551 0.001168
0.465000 1.037742 0.001356
0.466000 1.035365 0.001133
0.467000 1.031849 0.001004
0.468000 1.030902 0.001417
0.469000 1.030089 0.000964
0.470000 1.029440 0.001328
0.471000 1.026542 0.000817
0.472000 1.027096 0.000899
0.473000 1.023434 0.000755
0.474000 1.024369 0.000856
0.475000 1.022262 0.000715
0.476000 1.020570 0.000694
0.477000 1.019738 0.000627
0.478000 1.020884 0.000876
0.479000 1.019164 0.000685
0.480000 1.018118 0.000696
