0.350000 2.988686 0.037252
0.360000 2.987962 0.034675
0.370000 2.995246 0.032102
0.380000 2.920864 0.029756
0.390000 2.936303 0.025613
0.400000 2.847712 0.028863
0.401000 2.876943 0.024810
0.402000 2.891360 0.026809
0.403000 2.858280 0.023350
0.404000 2.865687 0.027477
0.405000 2.845325 0.034457
0.406000 2.817196 0.025273
0.407000 2.883419 0.024662
0.408000 2.810471 0.022424
0.409000 2.849066 0.030772
0.410000 2.842114 0.031346
0.411000 2.866645 0.026316
0.412000 2.787004 0.027492
0.413000 2.782133 0.025613
0.414000 2.721030 0.025104
0.415000 2.758438 0.026230
0.416000 2.677570 0.025080
0.417000 2.665497 0.023777
0.418000 2.670455 0.027738
0.419000 2.619297 0.024232
0.420000 2.550766 0.023594
0.421000 2.529706 0.025585
0.422000 2.478624 0.025288
0.423000 2.501191 0.023980
0.424000 2.429694 0.027035
0.425000 2.382484 0.024963
0.426000 2.275664 0.025899
0.427000 2.206739 0.027827
0.428000 2.123609 0.031724
0.429000 2.087279 0.024122
0.430000 1.943404 0.022402
0.431000 1.859600 0.023347
0.432000 1.916277 0.024547
0.433000 1.713539 0.026571
0.434000 1.606181 0.023051
0.435000 1.417817 0.016476
0.436000 1.445202 0.013509
0.437000 1.302291 0.010599
0.438000 1.288034 0.009440
0.439000 1.154464 0.004527
0.440000 1.220139 0.009702
0.441000 1.165551 0.007275
0.442000 1.135920 0.007356
0.443000 1.136288 0.013375
0.444000 1.083734 0.003924
0.445000 1.077211 0.007477
0.446000 1.056708 0.002945
0.447000 1.033704 0.001255
0.448000 1.050433 0.005117
0.449000 1.022684 0.000487
0.450000 1.021409 0.000440
0.460000 1.007225 0.000202
0.470000 1.003343 0.000101
0.480000 1.001831 0.000023
