0.340000 2.927312 0.053511
0.341000 2.986222 0.054942
0.342000 2.898917 0.048678
0.343000 2.913270 0.063106
0.344000 2.924734 0.052054
0.345000 2.934471 0.045495
0.346000 2.867926 0.054717
0.347000 2.887716 0.049269
0.348000 2.885057 0.045123
0.349000 2.950056 0.050974
0.350000 2.954246 0.047060
0.351000 2.840003 0.043391
0.352000 2.974765 0.050131
0.353000 2.987459 0.047483
0.354000 2.940825 0.054442
0.355000 2.946894 0.055421
0.356000 2.965528 0.048796
0.357000 2.911671 0.040171
0.358000 2.853042 0.050975
0.359000 2.959015 0.049436
0.360000 2.942067 0.045440
0.361000 2.850548 0.042417
0.362000 2.841552 0.046941
0.363000 2.786976 0.044272
0.364000 2.894471 0.046889
0.365000 2.922390 0.046889
0.366000 2.838618 0.043814
0.367000 2.933760 0.048054
0.368000 2.793927 0.047852
0.369000 2.906777 0.043800
0.370000 2.870513 0.044297
0.371000 2.826410 0.035823
0.372000 2.879729 0.043311
0.373000 2.807946 0.047752
0.374000 2.892470 0.051872
0.375000 2.797868 0.037435
0.376000 2.858309 0.043909
0.377000 2.837026 0.043161
0.378000 2.818818 0.038837
0.379000 2.800713 0.033433
0.380000 2.837728 0.045350
0.381000 2.792149 0.038692
0.382000 2.795967 0.038020
0.383000 2.790016 0.041615
0.384000 2.773474 0.043751
0.385000 2.739356 0.034416
0.386000 2.762070 0.038076
0.387000 2.766198 0.042317
0.388000 2.727745 0.037271
0.389000 2.717320 0.033514
0.390000 2.692691 0.035270
0.391000 2.736776 0.035689
0.392000 2.581676 0.029589
0.393000 2.708189 0.032288
0.394000 2.662255 0.032478
0.395000 2.682578 0.034576
0.396000 2.627690 0.031568
0.397000 2.644076 0.044857
0.398000 2.583417 0.032006
0.399000 2.618838 0.033386
0.400000 2.596104 0.030815
0.400500 2.603444 0.031165
0.401000 2.564202 0.029491
0.401500 2.554312 0.031080
0.402000 2.546668 0.030191
0.402500 2.610096 0.029575
0.403000 2.505793 0.030342
0.403500 2.516468 0.028750
0.404000 2.507267 0.029430
0.404500 2.506065 0.029712
0.405000 2.502392 0.030391
0.405500 2.491185 0.029822
0.406000 2.442623 0.024926
0.406500 2.406168 0.024999
0.407000 2.400197 0.028438
0.407500 2.420308 0.027433
0.408000 2.394459 0.026407
0.408500 2.389891 0.027782
0.409000 2.360846 0.024917
0.409500 2.367744 0.025763
0.410000 2.342611 0.031838
0.410500 2.281077 0.024036
0.411000 2.290156 0.025243
0.411500 2.274826 0.022667
0.412000 2.291939 0.022945
0.412500 2.265101 0.024473
0.413000 2.175644 0.023341
0.413500 2.198219 0.025948
0.414000 2.205321 0.026895
0.414500 2.176441 0.023274
0.415000 2.183354 0.023509
0.415500 2.151629 0.023019
0.416000 2.122861 0.022942
0.416500 2.130654 0.022374
0.417000 2.093713 0.022246
0.417500 2.038104 0.024716
0.418000 2.033272 0.022239
0.418500 2.024542 0.020670
0.419000 1.970276 0.020193
0.419500 1.964621 0.020527
0.420000 1.962204 0.023800
0.420500 1.950335 0.021412
0.421000 1.886292 0.023361
0.421500 1.856328 0.020866
0.422000 1.853235 0.019519
0.422500 1.801153 0.017969
0.423000 1.809099 0.019520
0.423500 1.804954 0.023157
0.424000 1.782787 0.017854
0.424500 1.723536 0.018950
0.425000 1.718731 0.016000
0.425500 1.692689 0.019131
0.426000 1.691463 0.018977
0.426500 1.623978 0.017449
0.427000 1.614781 0.014780
0.427500 1.618556 0.019764
0.428000 1.526035 0.013337
0.428500 1.513254 0.014661
0.429000 1.537993 0.015821
0.429500 1.543073 0.014433
0.430000 1.489479 0.013197
0.430500 1.480762 0.015201
0.431000 1.463966 0.017621
0.431500 1.469612 0.015243
0.432000 1.376350 0.011597
0.432500 1.391474 0.012882
0.433000 1.375494 0.013062
0.433500 1.350071 0.016175
0.434000 1.316032 0.012163
0.434500 1.309156 0.009814
0.435000 1.311911 0.012007
0.435500 1.274743 0.009383
0.436000 1.284994 0.010315
0.436500 1.264537 0.009616
0.437000 1.248905 0.011678
0.437500 1.254061 0.010626
0.438000 1.218933 0.009541
0.438500 1.209622 0.009602
0.439000 1.186966 0.007139
0.439500 1.208747 0.008242
0.440000 1.187523 0.007004
0.440500 1.174524 0.008276
0.441000 1.152974 0.007021
0.441500 1.159983 0.007745
0.442000 1.150288 0.008122
0.442500 1.142409 0.007495
0.443000 1.130227 0.006127
0.443500 1.127916 0.004705
0.444000 1.115704 0.005336
0.444500 1.110466 0.005044
0.445000 1.115658 0.005795
0.445500 1.101135 0.004588
0.446000 1.093408 0.004200
0.446500 1.089781 0.005043
0.447000 1.083504 0.004214
0.447500 1.078210 0.003707
0.448000 1.069416 0.003952
0.448500 1.071493 0.003588
0.449000 1.070711 0.003942
0.449500 1.060158 0.003679
0.450000 1.060399 0.003232
0.451000 1.061132 0.003486
0.452000 1.054554 0.003250
0.453000 1.040232 0.001753
0.454000 1.043411 0.003091
0.455000 1.034216 0.001455
0.456000 1.032036 0.001619
0.457000 1.031830 0.001613
0.458000 1.028812 0.001380
0.459000 1.024218 0.001062
0.460000 1.022582 0.001093
0.461000 1.023117 0.001344
0.462000 1.018601 0.000694
0.463000 1.020433 0.001543
0.464000 1.016691 0.000569
0.465000 1.015820 0.000579
0.466000 1.015388 0.000737
0.467000 1.012885 0.000316
0.468000 1.013405 0.000614
0.469000 1.011525 0.000410
0.470000 1.010915 0.000375
0.471000 1.010413 0.000310
0.472000 1.010509 0.000358
0.473000 1.009554 0.000305
0.474000 1.009446 0.000363
0.475000 1.008831 0.000544
0.476000 1.008025 0.000242
0.477000 1.007576 0.000214
0.478000 1.007402 0.000202
0.479000 1.006596 0.000185
0.480000 1.006798 0.000226
