0.340000 2.945467 0.064376
0.341000 2.933303 0.047757
0.342000 2.968443 0.046088
0.343000 2.964177 0.050074
0.344000 2.959255 0.053646
0.345000 2.887016 0.049341
0.346000 2.850526 0.057183
0.347000 2.954461 0.048679
0.348000 2.941707 0.046378
0.349000 2.918176 0.046564
0.350000 2.916622 0.041408
0.351000 2.927429 0.044016
0.352000 2.952436 0.058277
0.353000 3.034253 0.044105
0.354000 2.948805 0.055084
0.355000 2.905930 0.048131
0.356000 3.005833 0.045245
0.357000 2.978648 0.053195
0.358000 2.937908 0.047019
0.359000 2.925544 0.046473
0.360000 2.911756 0.046144
0.361000 2.958327 0.058593
0.362000 2.847809 0.047653
0.363000 2.916350 0.043013
0.364000 2.903483 0.045606
0.365000 2.887523 0.047478
0.366000 2.902320 0.043844
0.367000 2.961219 0.051024
0.368000 2.946516 0.053602
0.369000 2.877669 0.046329
0.370000 2.857385 0.037742
0.371000 2.912697 0.038097
0.372000 2.860732 0.044667
0.373000 2.874898 0.043637
0.374000 2.839985 0.046745
0.375000 2.837603 0.045096
0.376000 2.832236 0.042862
0.377000 2.819980 0.040702
0.378000 2.892150 0.046988
0.379000 2.877786 0.043175
0.380000 2.840688 0.044021
0.381000 2.855678 0.042209
0.382000 2.835294 0.039922
0.383000 2.841938 0.044822
0.384000 2.791881 0.039674
0.385000 2.781136 0.045077
0.386000 2.799281 0.036482
0.387000 2.738863 0.045223
0.388000 2.772026 0.035107
0.389000 2.787074 0.045268
0.390000 2.787488 0.039523
0.391000 2.773968 0.036253
0.392000 2.757572 0.041346
0.393000 2.774604 0.041217
0.394000 2.772330 0.035264
0.395000 2.696577 0.038202
0.396000 2.757381 0.037559
0.397000 2.717471 0.033076
0.398000 2.650315 0.032607
0.399000 2.739090 0.043785
0.400000 2.638101 0.033039
0.400500 2.717788 0.031964
0.401000 2.641714 0.032305
0.401500 2.636137 0.031894
0.402000 2.644815 0.030095
0.402500 2.625140 0.029271
0.403000 2.616235 0.032028
0.403500 2.624231 0.031481
0.404000 2.640137 0.036105
0.404500 2.600624 0.030813
0.405000 2.584008 0.033053
0.405500 2.563632 0.030167
0.406000 2.548989 0.030872
0.406500 2.555150 0.033804
0.407000 2.581438 0.028836
0.407500 2.561472 0.028231
0.408000 2.522582 0.031029
0.408500 2.500765 0.025710
0.409000 2.443353 0.035828
0.409500 2.466917 0.030735
0.410000 2.459072 0.032196
0.410500 2.506644 0.030618
0.411000 2.479454 0.028792
0.411500 2.385379 0.026896
0.412000 2.375545 0.031498
0.412500 2.416186 0.026329
0.413000 2.365429 0.026517
0.413500 2.371059 0.024272
0.414000 2.297548 0.026759
0.414500 2.294201 0.024790
0.415000 2.283069 0.024068
0.415500 2.273727 0.026610
0.416000 2.250956 0.027182
0.416500 2.234596 0.031685
0.417000 2.262437 0.032654
0.417500 2.180417 0.029792
0.418000 2.129353 0.025687
0.418500 2.131694 0.023759
0.419000 2.138225 0.024311
0.419500 2.093385 0.024181
0.420000 2.056501 0.023085
0.420500 2.016491 0.024958
0.421000 2.004177 0.023750
0.421500 1.974797 0.021848
0.422000 1.956660 0.022171
0.422500 1.907022 0.024315
0.423000 1.982482 0.023329
0.423500 1.859056 0.022025
0.424000 1.877010 0.023784
0.424500 1.837303 0.018937
0.425000 1.826015 0.021573
0.425500 1.793214 0.018785
0.426000 1.772823 0.019275
0.426500 1.724148 0.026280
0.427000 1.704748 0.021926
0.427500 1.648755 0.021213
0.428000 1.713066 0.026260
0.428500 1.678171 0.019433
0.429000 1.586350 0.018295
0.429500 1.567908 0.016399
0.430000 1.545483 0.024438
0.430500 1.526480 0.015645
0.431000 1.543542 0.018090
0.431500 1.451113 0.014598
0.432000 1.448606 0.016033
0.432500 1.410631 0.015832
0.433000 1.429350 0.016260
0.433500 1.408625 0.016508
0.434000 1.363581 0.013855
0.434500 1.343558 0.011460
0.435000 1.343325 0.012023
0.435500 1.334555 0.014294
0.436000 1.297137 0.010693
0.436500 1.286145 0.011412
0.437000 1.245280 0.011296
0.437500 1.246832 0.009453
0.438000 1.219252 0.009716
0.438500 1.196701 0.010622
0.439000 1.195734 0.010294
0.439500 1.199124 0.008830
0.440000 1.168019 0.006897
0.440500 1.195401 0.009113
0.441000 1.145831 0.007354
0.441500 1.143321 0.007536
0.442000 1.121080 0.005840
0.442500 1.132226 0.006863
0.443000 1.143760 0.008444
0.443500 1.113328 0.005541
0.444000 1.112498 0.005513
0.444500 1.094202 0.008210
0.445000 1.092629 0.005080
0.445500 1.085400 0.004459
0.446000 1.086374 0.004520
0.446500 1.080121 0.005368
0.447000 1.077119 0.004254
0.447500 1.071956 0.003729
0.448000 1.068540 0.003636
0.448500 1.058743 0.002410
0.449000 1.054442 0.003709
0.449500 1.053364 0.003740
0.450000 1.055243 0.003852
0.451000 1.044765 0.002380
0.452000 1.039235 0.002325
0.453000 1.037914 0.002933
0.454000 1.030677 0.001310
0.455000 1.026703 0.001046
0.456000 1.028063 0.001267
0.457000 1.025680 0.001293
0.458000 1.024051 0.001086
0.459000 1.021591 0.001032
0.460000 1.018631 0.001366
0.461000 1.017370 0.001064
0.462000 1.016331 0.000728
0.463000 1.015356 0.001252
0.464000 1.014140 0.000593
0.465000 1.011800 0.000401
0.466000 1.011622 0.000525
0.467000 1.011923 0.000579
0.468000 1.010062 0.000338
0.469000 1.009639 0.000355
0.470000 1.009282 0.000414
0.471000 1.008486 0.000261
0.472000 1.007461 0.000204
0.473000 1.007350 0.000188
0.474000 1.006869 0.000228
0.475000 1.006454 0.000183
0.476000 1.006470 0.000246
0.477000 1.006046 0.000311
0.478000 1.005927 0.000178
0.479000 1.005379 0.000227
0.480000 1.005116 0.000117
