0 0.895200
1 0.812000
2 0.747200
3 0.703200
4 0.672000
5 0.628000
6 0.584800
7 0.584000
8 0.557600
9 0.517600
10 0.477600
11 0.447200
12 0.455200
13 0.432800
14 0.395200
15 0.340000
16 0.284800
17 0.248800
18 0.192000
19 0.140800
20 0.151200
21 0.164000
22 0.176800
23 0.172000
24 0.172000
25 0.175200
26 0.232800
27 0.215200
28 0.184800
29 0.188800
30 0.203200
31 0.169600
32 0.155200
33 0.162400
34 0.169600
35 0.161600
36 0.150400
37 0.162400
38 0.145600
39 0.168800
40 0.197600
41 0.149600
42 0.136800
43 0.146400
44 0.096000
45 0.106400
46 0.099200
47 0.118400
48 0.148800
49 0.132800
50 0.146400
51 0.148000
52 0.157600
53 0.106400
54 0.080800
55 0.054400
56 0.014400
57 0.014400
58 0.040000
59 0.051200
60 0.064000
61 0.024000
62 0.034400
63 0.052000
64 0.065600
65 0.055200
66 0.049600
67 0.020000
68 0.016000
69 0.013600
70 -0.004000
71 -0.048000
72 -0.047200
73 -0.052800
74 -0.078400
75 -0.045600
76 -0.059200
77 -0.056000
78 -0.072800
79 -0.059200
80 -0.061600
81 -0.047200
82 -0.056000
83 -0.044000
84 -0.032800
85 -0.051200
86 -0.047200
87 -0.064800
88 -0.124800
89 -0.185600
90 -0.137600
91 -0.149600
92 -0.144000
93 -0.151200
94 -0.149600
95 -0.144800
96 -0.119200
97 -0.074400
98 -0.076800
99 -0.064800
100 -0.073600
101 -0.068000
102 -0.110400
103 -0.122400
104 -0.158400
105 -0.149600
106 -0.096000
107 -0.105600
108 -0.084000
109 -0.074400
110 -0.065600
111 -0.021600
112 0.032000
113 0.103200
114 0.078400
115 0.080000
116 0.071200
117 0.078400
118 0.027200
119 0.060000
120 0.088000
121 0.100800
122 0.116000
123 0.102400
124 0.068800
125 0.075200
126 0.044000
127 0.029600
128 0.026400
129 0.037600
130 0.037600
131 -0.010400
132 0.020800
133 0.019200
134 -0.008800
135 -0.012000
136 -0.028800
137 -0.024800
138 0.001600
139 0.026400
140 0.006400
141 0.032000
142 0.034400
143 0.023200
144 -0.009600
145 -0.050400
146 -0.024800
147 -0.029600
148 -0.080800
149 -0.061600
150 -0.065600
151 -0.055200
152 -0.087200
153 -0.110400
154 -0.100000
155 -0.052800
156 -0.024000
157 -0.036000
158 -0.008000
159 0.062400
160 0.062400
161 0.049600
162 0.064800
163 0.035200
164 -0.000800
165 -0.002400
166 0.006400
167 -0.001600
168 0.025600
169 0.055200
170 0.068800
171 0.044800
172 -0.028800
173 -0.046400
174 -0.086400
175 -0.091200
176 -0.064000
177 -0.050400
178 -0.039200
179 -0.063200
180 -0.008800
181 0.014400
182 -0.039200
183 -0.043200
184 -0.036800
185 -0.028000
186 -0.015200
187 -0.029600
188 -0.045600
189 -0.044800
190 -0.061600
191 -0.016000
192 0.059200
193 0.023200
194 0.002400
195 -0.019200
196 -0.036000
197 -0.080800
198 -0.052800
199 -0.052800
200 -0.041600
201 -0.009600
202 0.023200
203 0.021600
204 0.051200
205 -0.005600
206 -0.051200
207 -0.014400
208 -0.004000
209 0.023200
210 0.019200
211 0.004800
212 0.008000
213 -0.020000
214 0.038400
215 0.085600
216 0.089600
217 0.031200
218 0.029600
219 0.028800
220 0.093600
221 0.096000
222 0.116000
223 0.098400
224 0.116800
225 0.131200
226 0.132000
227 0.109600
228 0.085600
229 0.106400
230 0.160000
231 0.162400
232 0.128000
233 0.124800
234 0.108000
235 0.092800
236 0.080000
237 0.091200
238 0.080000
239 0.051200
240 0.054400
241 0.020800
242 0.008000
243 0.034400
244 0.044800
245 0.024000
246 -0.014400
247 -0.016800
248 0.008000
249 -0.046400
250 0.011200
251 0.003200
252 0.024000
253 0.016000
254 0.044000
255 0.051200
256 0.069600
257 -0.000800
258 0.056000
259 0.060000
260 0.092000
261 0.079200
262 0.068000
263 0.074400
264 0.068800
265 0.089600
266 0.080000
267 0.059200
268 0.041600
269 0.032000
270 0.036800
271 0.080000
272 0.096000
273 0.068000
274 0.029600
275 0.016800
276 -0.008000
277 0.004800
278 0.020000
279 0.046400
280 0.043200
281 0.049600
282 0.095200
283 0.145600
284 0.086400
285 0.092800
286 0.064800
287 0.100800
288 0.111200
289 0.085600
290 0.086400
291 0.086400
292 0.083200
293 0.033600
294 0.034400
295 0.048800
296 0.070400
297 0.051200
298 0.068800
299 0.073600
300 0.086400
301 0.028000
302 0.043200
303 0.052800
304 0.022400
305 0.007200
306 0.021600
307 0.020000
308 0.021600
309 0.024800
310 0.008800
311 0.010400
312 0.041600
313 0.045600
314 0.040000
315 0.004800
316 0.018400
317 0.030400
318 -0.007200
319 -0.040000
320 -0.056000
321 -0.098400
322 -0.089600
323 -0.074400
324 -0.122400
325 -0.136000
326 -0.122400
327 -0.070400
328 -0.028800
329 -0.011200
330 0.004000
331 -0.013600
332 -0.026400
333 -0.044000
334 -0.048800
335 -0.047200
336 -0.088800
337 -0.041600
338 -0.056000
339 -0.053600
340 -0.088800
341 -0.096000
342 -0.117600
343 -0.096800
344 -0.117600
345 -0.111200
346 -0.095200
347 -0.093600
348 -0.070400
349 -0.040000
350 -0.010400
351 -0.030400
352 -0.033600
353 -0.062400
354 -0.096800
355 -0.080000
356 -0.093600
357 -0.104000
358 -0.064800
359 -0.059200
360 -0.050400
361 -0.027200
362 -0.099200
363 -0.041600
364 -0.060800
365 -0.057600
366 -0.014400
367 -0.021600
368 -0.016000
369 -0.012000
370 -0.036800
371 -0.045600
372 -0.048000
373 -0.033600
374 -0.020800
375 -0.047200
376 -0.007200
377 0.044000
378 0.040000
379 0.039200
380 0.065600
381 0.089600
382 0.012800
383 0.027200
384 0.039200
385 0.060000
386 0.033600
387 0.025600
388 0.054400
389 0.067200
390 0.037600
391 0.047200
392 0.040000
393 -0.011200
394 -0.006400
395 -0.012000
396 -0.019200
397 0.030400
398 0.027200
399 0.028800
400 0.036000
401 -0.004800
402 -0.025600
403 -0.069600
404 -0.035200
405 -0.047200
406 -0.054400
407 -0.049600
408 -0.039200
409 -0.060000
410 -0.053600
411 -0.015200
412 -0.017600
413 -0.040000
414 -0.063200
415 -0.052000
416 -0.056800
417 -0.066400
418 -0.085600
419 -0.048800
420 -0.030400
421 -0.027200
422 -0.053600
423 -0.024800
424 0.018400
425 0.013600
426 -0.013600
427 -0.004000
428 -0.025600
429 -0.040800
430 -0.037600
431 -0.016000
432 -0.020000
433 -0.067200
434 -0.068800
435 -0.026400
436 -0.053600
437 -0.068000
438 -0.080000
439 -0.086400
440 -0.039200
441 -0.079200
442 -0.059200
443 -0.035200
444 -0.024800
445 -0.017600
446 -0.028000
447 -0.035200
448 -0.028000
449 -0.034400
450 -0.016800
451 -0.009600
452 -0.022400
453 -0.044800
454 -0.000800
455 0.047200
456 0.041600
457 0.046400
458 0.024800
459 0.048000
460 0.028000
461 0.006400
462 0.048800
463 0.064000
464 0.042400
465 0.048800
466 0.033600
467 0.042400
468 0.032000
469 0.032000
470 -0.020000
471 -0.007200
472 -0.024800
473 0.025600
474 0.020000
475 0.011200
476 0.013600
477 0.006400
478 0.003200
479 0.013600
480 -0.004000
481 0.009600
482 -0.005600
483 -0.028000
484 -0.040000
485 -0.032800
486 -0.026400
487 -0.012000
488 -0.028800
489 -0.026400
490 -0.016800
491 0.028000
492 0.057600
493 0.059200
494 0.045600
495 0.043200
496 0.035200
497 0.053600
498 0.027200
499 0.048800
500 0.039200
501 0.037600
502 -0.007200
503 -0.033600
504 -0.005600
505 0.003200
506 0.025600
507 0.041600
508 0.051200
509 0.068000
510 0.053600
511 0.057600
512 0.012000
513 0.027200
514 0.031200
515 -0.005600
516 -0.052000
517 -0.062400
518 -0.040000
519 -0.030400
520 -0.056000
521 -0.061600
522 -0.062400
523 -0.087200
524 -0.083200
525 -0.090400
526 -0.072800
527 -0.076800
528 -0.097600
529 -0.092000
530 -0.108800
531 -0.149600
532 -0.215200
533 -0.221600
534 -0.234400
535 -0.229600
536 -0.228800
537 -0.180000
538 -0.135200
539 -0.143200
540 -0.107200
541 -0.076000
542 -0.086400
543 -0.054400
544 -0.056800
545 -0.054400
546 -0.013600
547 -0.072800
548 -0.116800
549 -0.090400
550 -0.055200
551 -0.045600
552 -0.104000
553 -0.141600
554 -0.140800
555 -0.134400
556 -0.140000
557 -0.103200
558 -0.142400
559 -0.120000
560 -0.134400
561 -0.107200
562 -0.065600
563 -0.090400
564 -0.056800
565 -0.075200
566 -0.090400
567 -0.086400
568 -0.098400
569 -0.094400
570 -0.079200
571 -0.060800
572 -0.052800
573 -0.046400
574 -0.024000
575 -0.024800
576 0.004000
577 0.024800
578 0.071200
579 0.052800
580 0.063200
581 0.040800
582 0.051200
583 0.044800
584 0.033600
585 0.043200
586 0.026400
587 -0.025600
588 -0.048000
589 -0.012000
590 -0.004800
591 0.025600
592 0.015200
593 -0.028800
594 -0.019200
595 0.040000
596 0.040800
597 0.035200
598 0.036000
599 0.021600
600 0.031200
601 0.004800
602 0.001600
603 0.003200
604 0.011200
605 0.034400
606 0.048000
607 0.043200
608 0.048000
609 0.040800
610 0.059200
611 0.042400
612 0.063200
613 0.065600
614 0.043200
615 0.046400
616 0.019200
617 0.004800
618 -0.012800
619 -0.011200
620 -0.028000
621 -0.004800
622 0.014400
623 -0.025600
624 -0.027200
625 -0.047200
626 -0.020000
627 -0.050400
628 -0.055200
629 -0.076800
630 -0.111200
631 -0.108000
632 -0.063200
633 -0.020800
634 0.009600
635 0.006400
636 -0.020800
637 0.020000
638 0.041600
639 0.029600
640 0.052000
641 0.048000
642 0.049600
643 0.045600
644 0.072800
645 0.060000
646 0.052800
647 0.040800
648 0.048000
649 0.024800
650 0.029600
651 0.024000
652 0.050400
653 -0.019200
654 -0.028800
655 -0.029600
656 -0.052800
657 -0.016000
658 -0.003200
659 -0.047200
660 -0.059200
661 -0.064000
662 -0.069600
663 -0.061600
664 -0.032000
665 -0.023200
666 -0.028000
667 -0.021600
668 -0.044800
669 -0.048000
670 -0.036000
671 -0.093600
672 -0.066400
673 -0.092800
674 -0.122400
675 -0.072800
676 -0.104800
677 -0.104800
678 -0.064800
679 -0.078400
680 -0.097600
681 -0.083200
682 -0.058400
683 -0.044000
684 -0.007200
685 0.018400
686 -0.036000
687 -0.001600
688 0.055200
689 0.047200
690 0.012800
691 0.011200
692 0.024000
693 0.028800
694 0.037600
695 0.012000
696 -0.006400
697 -0.028000
698 -0.038400
699 -0.058400
700 -0.048800
701 -0.047200
702 -0.039200
703 -0.074400
704 -0.097600
705 -0.100000
706 -0.111200
707 -0.080000
708 -0.072000
709 -0.063200
710 -0.059200
711 -0.033600
712 -0.049600
713 -0.061600
714 -0.022400
715 -0.040000
716 -0.028800
717 -0.052000
718 0.004800
719 0.027200
720 0.002400
721 -0.010400
722 0.006400
723 0.021600
724 0.047200
725 0.051200
726 0.069600
727 0.074400
728 0.084800
729 0.080000
730 0.104800
731 0.093600
732 0.115200
733 0.116800
734 0.074400
735 0.076800
736 0.053600
737 0.096800
738 0.092000
739 0.094400
740 0.109600
741 0.115200
742 0.065600
743 0.032800
744 0.028000
745 0.020000
746 0.028800
747 -0.034400
748 -0.012000
749 0.016800
750 0.050400
751 0.092800
752 0.152000
753 0.132800
754 0.116000
755 0.121600
756 0.084800
757 0.044000
758 0.025600
759 0.024800
760 0.024000
761 -0.024800
762 -0.014400
763 -0.074400
764 -0.069600
765 -0.056000
766 -0.060000
767 -0.087200
768 -0.061600
769 -0.084800
770 -0.101600
771 -0.152800
772 -0.126400
773 -0.120800
774 -0.156800
775 -0.178400
776 -0.176000
777 -0.134400
778 -0.120800
779 -0.084000
780 -0.083200
781 -0.089600
782 -0.048000
783 -0.097600
784 -0.106400
785 -0.132000
786 -0.100800
787 -0.077600
788 -0.088800
789 -0.042400
790 -0.041600
791 -0.048000
792 -0.060000
793 -0.086400
794 -0.087200
795 -0.108000
796 -0.105600
797 -0.096000
798 -0.067200
799 -0.065600
800 -0.047200
801 -0.092800
802 -0.091200
803 -0.048000
804 0.000000
805 0.020800
806 0.006400
807 -0.003200
808 -0.008800
809 0.008800
810 -0.006400
811 0.006400
812 0.024000
813 0.040000
814 0.040000
815 0.035200
816 -0.009600
817 -0.002400
818 0.006400
819 0.026400
820 -0.007200
821 -0.025600
822 -0.019200
823 -0.014400
824 -0.040800
825 -0.093600
826 -0.123200
827 -0.132800
828 -0.130400
829 -0.122400
830 -0.072800
831 -0.032000
832 0.004800
833 -0.041600
834 -0.044800
835 0.013600
836 -0.014400
837 0.004800
838 -0.002400
839 0.014400
840 0.003200
841 0.004800
842 0.007200
843 0.036800
844 0.037600
845 0.003200
846 -0.004000
847 0.032000
848 0.016000
849 0.034400
850 0.038400
851 0.012800
852 0.017600
853 0.063200
854 0.048000
855 0.021600
856 0.046400
857 0.032000
858 0.027200
859 -0.014400
860 -0.036000
861 -0.062400
862 -0.072000
863 -0.051200
864 -0.052000
865 -0.033600
866 -0.036000
867 -0.035200
868 0.013600
869 0.033600
870 0.009600
871 0.019200
872 0.019200
873 -0.023200
874 0.010400
875 0.031200
876 0.078400
877 0.105600
878 0.112800
879 0.090400
880 0.067200
881 0.054400
882 0.028800
883 0.021600
884 0.040000
885 0.022400
886 0.052000
887 0.015200
888 0.026400
889 0.032800
890 0.044000
891 -0.006400
892 -0.024000
893 -0.014400
894 0.026400
895 0.037600
896 0.028000
897 0.012000
898 -0.012000
899 -0.016000
900 -0.019200
901 -0.017600
902 0.000000
903 -0.019200
904 -0.034400
905 -0.028000
906 -0.015200
907 -0.031200
908 -0.052800
909 -0.069600
910 -0.076800
911 -0.068000
912 -0.120000
913 -0.143200
914 -0.160800
915 -0.187200
916 -0.156000
917 -0.072800
918 -0.095200
919 -0.081600
920 -0.084800
921 -0.108800
922 -0.098400
923 -0.060000
924 -0.076800
925 -0.044800
926 -0.076000
927 -0.064000
928 -0.047200
929 -0.087200
930 -0.091200
931 -0.070400
932 -0.069600
933 -0.088800
934 -0.051200
935 -0.041600
936 -0.041600
937 -0.027200
938 -0.033600
939 -0.003200
940 0.019200
941 0.023200
942 0.001600
943 -0.016000
944 -0.032800
945 -0.008000
946 -0.024000
947 -0.033600
948 -0.036800
949 -0.019200
950 -0.034400
951 -0.027200
952 -0.046400
953 -0.046400
954 -0.057600
955 -0.051200
956 -0.020000
957 -0.023200
958 -0.024800
959 0.002400
960 0.003200
961 -0.008000
962 -0.016800
963 -0.014400
964 -0.063200
965 -0.072800
966 -0.064800
967 -0.036800
968 0.044800
969 0.028800
970 0.082400
971 0.049600
972 0.016000
973 -0.015200
974 -0.021600
975 -0.054400
976 -0.052000
977 -0.056000
978 -0.066400
979 -0.088000
980 -0.090400
981 -0.099200
982 -0.080000
983 -0.104000
984 -0.083200
985 -0.075200
986 -0.048000
987 -0.068800
988 -0.056800
989 -0.065600
990 -0.050400
991 -0.079200
992 -0.036800
993 -0.052000
994 -0.052800
995 -0.019200
996 -0.075200
997 -0.060000
998 -0.059200
999 -0.076000
