0 0.956800
1 0.933600
2 0.912000
3 0.895200
4 0.884800
5 0.894400
6 0.881600
7 0.868800
8 0.836800
9 0.867200
10 0.876000
11 0.867200
12 0.861600
13 0.866400
14 0.871200
15 0.876000
16 0.849600
17 0.848800
18 0.861600
19 0.875200
20 0.872000
21 0.873600
22 0.874400
23 0.854400
24 0.873600
25 0.869600
26 0.872000
27 0.864000
28 0.875200
29 0.863200
30 0.853600
31 0.855200
32 0.852000
33 0.837600
34 0.835200
35 0.837600
36 0.811200
37 0.788800
38 0.792800
39 0.808000
40 0.814400
41 0.800800
42 0.792000
43 0.808800
44 0.806400
45 0.780800
46 0.788800
47 0.789600
48 0.770400
49 0.780000
50 0.781600
51 0.773600
52 0.792000
53 0.803200
54 0.824800
55 0.810400
56 0.835200
57 0.849600
58 0.842400
59 0.836000
60 0.847200
61 0.862400
62 0.856000
63 0.822400
64 0.826400
65 0.807200
66 0.806400
67 0.800800
68 0.816000
69 0.822400
70 0.831200
71 0.828000
72 0.824000
73 0.810400
74 0.792000
75 0.782400
76 0.790400
77 0.776800
78 0.764800
79 0.748000
80 0.752800
81 0.758400
82 0.747200
83 0.727200
84 0.742400
85 0.722400
86 0.734400
87 0.731200
88 0.749600
89 0.760000
90 0.750400
91 0.744000
92 0.711200
93 0.712800
94 0.748800
95 0.772000
96 0.772000
97 0.788800
98 0.792000
99 0.781600
100 0.807200
101 0.800000
102 0.824000
103 0.804800
104 0.819200
105 0.812800
106 0.805600
107 0.794400
108 0.793600
109 0.784000
110 0.783200
111 0.798400
112 0.802400
113 0.807200
114 0.823200
115 0.818400
116 0.808800
117 0.808000
118 0.816000
119 0.799200
120 0.801600
121 0.781600
122 0.779200
123 0.763200
124 0.774400
125 0.768800
126 0.780000
127 0.812800
128 0.780800
129 0.779200
130 0.768800
131 0.780800
132 0.796800
133 0.800000
134 0.814400
135 0.824000
136 0.823200
137 0.842400
138 0.836800
139 0.828000
140 0.846400
141 0.821600
142 0.808000
143 0.795200
144 0.801600
145 0.777600
146 0.803200
147 0.810400
148 0.823200
149 0.815200
150 0.800800
151 0.792000
152 0.791200
153 0.816000
154 0.821600
155 0.797600
156 0.780800
157 0.806400
158 0.834400
159 0.826400
160 0.819200
161 0.820800
162 0.814400
163 0.839200
164 0.844800
165 0.832800
166 0.836000
167 0.851200
168 0.846400
169 0.836000
170 0.855200
171 0.858400
172 0.853600
173 0.862400
174 0.842400
175 0.846400
176 0.840000
177 0.844800
178 0.844000
179 0.848800
180 0.810400
181 0.815200
182 0.811200
183 0.781600
184 0.787200
185 0.784800
186 0.780800
187 0.780800
188 0.756000
189 0.765600
190 0.776800
191 0.769600
192 0.758400
193 0.771200
194 0.760000
195 0.731200
196 0.711200
197 0.708000
198 0.692800
199 0.697600
200 0.712800
201 0.722400
202 0.704800
203 0.717600
204 0.736000
205 0.722400
206 0.704000
207 0.740000
208 0.723200
209 0.714400
210 0.744000
211 0.742400
212 0.730400
213 0.744000
214 0.716800
215 0.742400
216 0.742400
217 0.758400
218 0.771200
219 0.790400
220 0.782400
221 0.784800
222 0.776000
223 0.773600
224 0.732000
225 0.716800
226 0.708000
227 0.703200
228 0.710400
229 0.707200
230 0.720000
231 0.710400
232 0.697600
233 0.690400
234 0.716000
235 0.705600
236 0.679200
237 0.685600
238 0.696000
239 0.704800
240 0.696000
241 0.696800
242 0.684800
243 0.696800
244 0.672000
245 0.679200
246 0.682400
247 0.693600
248 0.692800
249 0.720800
250 0.694400
251 0.677600
252 0.692000
253 0.704800
254 0.700000
255 0.712800
256 0.732800
257 0.745600
258 0.748000
259 0.764000
260 0.770400
261 0.776800
262 0.751200
263 0.761600
264 0.733600
265 0.737600
266 0.729600
267 0.756000
268 0.736800
269 0.738400
270 0.759200
271 0.752000
272 0.775200
273 0.771200
274 0.748800
275 0.753600
276 0.764000
277 0.767200
278 0.775200
279 0.746400
280 0.750400
281 0.760000
282 0.756000
283 0.796000
284 0.803200
285 0.804800
286 0.771200
287 0.755200
288 0.755200
289 0.777600
290 0.776000
291 0.762400
292 0.763200
293 0.770400
294 0.761600
295 0.765600
296 0.800800
297 0.804000
298 0.788000
299 0.786400
300 0.768000
301 0.738400
302 0.757600
303 0.760000
304 0.772800
305 0.772800
306 0.792000
307 0.788000
308 0.802400
309 0.807200
310 0.802400
311 0.785600
312 0.792800
313 0.782400
314 0.744000
315 0.728800
316 0.773600
317 0.792800
318 0.797600
319 0.807200
320 0.800000
321 0.797600
322 0.786400
323 0.772800
324 0.793600
325 0.792000
326 0.796000
327 0.827200
328 0.827200
329 0.847200
330 0.835200
331 0.838400
332 0.829600
333 0.818400
334 0.828000
335 0.811200
336 0.814400
337 0.797600
338 0.810400
339 0.823200
340 0.804000
341 0.812800
342 0.822400
343 0.816800
344 0.825600
345 0.828000
346 0.813600
347 0.814400
348 0.813600
349 0.807200
350 0.807200
351 0.804800
352 0.807200
353 0.784000
354 0.771200
355 0.789600
356 0.786400
357 0.807200
358 0.804800
359 0.800000
360 0.812800
361 0.780800
362 0.788800
363 0.788000
364 0.784800
365 0.794400
366 0.792800
367 0.800800
368 0.802400
369 0.806400
370 0.813600
371 0.826400
372 0.853600
373 0.864000
374 0.843200
375 0.840800
376 0.844800
377 0.855200
378 0.832800
379 0.817600
380 0.824000
381 0.819200
382 0.807200
383 0.820800
384 0.835200
385 0.819200
386 0.808800
387 0.836000
388 0.834400
389 0.813600
390 0.828800
391 0.823200
392 0.828800
393 0.818400
394 0.824800
395 0.810400
396 0.834400
397 0.821600
398 0.824800
399 0.832800
400 0.840000
401 0.818400
402 0.810400
403 0.786400
404 0.802400
405 0.811200
406 0.792800
407 0.796000
408 0.760000
409 0.796000
410 0.802400
411 0.816000
412 0.787200
413 0.810400
414 0.812800
415 0.814400
416 0.804800
417 0.824000
418 0.820800
419 0.783200
420 0.775200
421 0.786400
422 0.764000
423 0.792000
424 0.808000
425 0.818400
426 0.806400
427 0.796800
428 0.786400
429 0.801600
430 0.797600
431 0.816000
432 0.788800
433 0.796000
434 0.784000
435 0.823200
436 0.820000
437 0.844800
438 0.845600
439 0.844800
440 0.827200
441 0.808000
442 0.796000
443 0.790400
444 0.774400
445 0.776000
446 0.779200
447 0.792800
448 0.800800
449 0.785600
450 0.804800
451 0.816000
452 0.815200
453 0.820800
454 0.824000
455 0.822400
456 0.833600
457 0.861600
458 0.861600
459 0.862400
460 0.848800
461 0.867200
462 0.850400
463 0.836000
464 0.816800
465 0.801600
466 0.804800
467 0.822400
468 0.809600
469 0.772800
470 0.782400
471 0.778400
472 0.784800
473 0.791200
474 0.794400
475 0.797600
476 0.789600
477 0.786400
478 0.780800
479 0.781600
480 0.783200
481 0.803200
482 0.779200
483 0.776800
484 0.796000
485 0.815200
486 0.794400
487 0.780000
488 0.791200
489 0.808800
490 0.802400
491 0.805600
492 0.793600
493 0.786400
494 0.792800
495 0.824000
496 0.825600
497 0.799200
498 0.787200
499 0.796000
500 0.790400
501 0.795200
502 0.814400
503 0.820800
504 0.793600
505 0.792000
506 0.780800
507 0.791200
508 0.754400
509 0.775200
510 0.764000
511 0.755200
512 0.760000
513 0.789600
514 0.799200
515 0.788000
516 0.780000
517 0.793600
518 0.790400
519 0.793600
520 0.808000
521 0.807200
522 0.807200
523 0.808800
524 0.808000
525 0.791200
526 0.800000
527 0.792000
528 0.792000
529 0.764800
530 0.756800
531 0.757600
532 0.786400
533 0.790400
534 0.792800
535 0.797600
536 0.779200
537 0.786400
538 0.780800
539 0.786400
540 0.784800
541 0.797600
542 0.776000
543 0.792000
544 0.783200
545 0.760000
546 0.764800
547 0.776000
548 0.796800
549 0.793600
550 0.775200
551 0.777600
552 0.786400
553 0.776000
554 0.775200
555 0.758400
556 0.758400
557 0.756800
558 0.748000
559 0.753600
560 0.740800
561 0.755200
562 0.775200
563 0.763200
564 0.793600
565 0.816000
566 0.814400
567 0.801600
568 0.809600
569 0.825600
570 0.814400
571 0.798400
572 0.819200
573 0.819200
574 0.816000
575 0.819200
576 0.828000
577 0.834400
578 0.823200
579 0.836000
580 0.839200
581 0.838400
582 0.827200
583 0.852800
584 0.843200
585 0.847200
586 0.839200
587 0.852000
588 0.822400
589 0.828800
590 0.828000
591 0.840800
592 0.851200
593 0.863200
594 0.840800
595 0.864000
596 0.870400
597 0.861600
598 0.874400
599 0.861600
600 0.833600
601 0.832000
602 0.797600
603 0.819200
604 0.828000
605 0.817600
606 0.848000
607 0.850400
608 0.833600
609 0.851200
610 0.846400
611 0.841600
612 0.849600
613 0.838400
614 0.840800
615 0.846400
616 0.827200
617 0.816800
618 0.812800
619 0.829600
620 0.830400
621 0.816000
622 0.790400
623 0.796800
624 0.754400
625 0.768800
626 0.758400
627 0.756000
628 0.760000
629 0.760800
630 0.720800
631 0.708000
632 0.696000
633 0.706400
634 0.685600
635 0.680800
636 0.657600
637 0.648000
638 0.649600
639 0.645600
640 0.652000
641 0.672800
642 0.687200
643 0.714400
644 0.734400
645 0.728800
646 0.740800
647 0.750400
648 0.740800
649 0.730400
650 0.743200
651 0.732800
652 0.752800
653 0.764000
654 0.749600
655 0.776800
656 0.782400
657 0.785600
658 0.766400
659 0.758400
660 0.758400
661 0.762400
662 0.797600
663 0.805600
664 0.796800
665 0.788800
666 0.781600
667 0.802400
668 0.771200
669 0.788000
670 0.773600
671 0.774400
672 0.764800
673 0.800000
674 0.806400
675 0.790400
676 0.806400
677 0.798400
678 0.816800
679 0.804800
680 0.796800
681 0.792800
682 0.773600
683 0.796000
684 0.821600
685 0.819200
686 0.812000
687 0.780800
688 0.796000
689 0.782400
690 0.765600
691 0.764800
692 0.760000
693 0.772000
694 0.785600
695 0.808800
696 0.789600
697 0.788800
698 0.825600
699 0.822400
700 0.837600
701 0.833600
702 0.835200
703 0.838400
704 0.852800
705 0.853600
706 0.839200
707 0.799200
708 0.798400
709 0.816800
710 0.804800
711 0.806400
712 0.827200
713 0.819200
714 0.814400
715 0.825600
716 0.813600
717 0.780800
718 0.787200
719 0.748800
720 0.736800
721 0.746400
722 0.771200
723 0.735200
724 0.755200
725 0.758400
726 0.752800
727 0.751200
728 0.774400
729 0.780800
730 0.764800
731 0.751200
732 0.751200
733 0.792800
734 0.750400
735 0.747200
736 0.742400
737 0.740800
738 0.749600
739 0.752800
740 0.723200
741 0.710400
742 0.700000
743 0.690400
744 0.670400
745 0.656800
746 0.649600
747 0.664000
748 0.673600
749 0.691200
750 0.707200
751 0.679200
752 0.664000
753 0.664000
754 0.701600
755 0.672800
756 0.707200
757 0.690400
758 0.675200
759 0.672000
760 0.693600
761 0.680000
762 0.720000
763 0.690400
764 0.699200
765 0.700800
766 0.704000
767 0.716800
768 0.717600
769 0.702400
770 0.689600
771 0.678400
772 0.718400
773 0.737600
774 0.761600
775 0.762400
776 0.740800
777 0.721600
778 0.718400
779 0.688800
780 0.704000
781 0.707200
782 0.704000
783 0.704000
784 0.699200
785 0.711200
786 0.716000
787 0.720800
788 0.705600
789 0.699200
790 0.708800
791 0.700000
792 0.720000
793 0.765600
794 0.760000
795 0.757600
796 0.757600
797 0.772800
798 0.771200
799 0.771200
800 0.766400
801 0.761600
802 0.736800
803 0.736800
804 0.744000
805 0.748800
806 0.756800
807 0.755200
808 0.749600
809 0.776000
810 0.768000
811 0.776800
812 0.753600
813 0.766400
814 0.802400
815 0.809600
816 0.770400
817 0.761600
818 0.748000
819 0.748000
820 0.743200
821 0.725600
822 0.736800
823 0.738400
824 0.733600
825 0.746400
826 0.738400
827 0.751200
828 0.755200
829 0.764000
830 0.762400
831 0.747200
832 0.743200
833 0.755200
834 0.750400
835 0.747200
836 0.742400
837 0.760000
838 0.740000
839 0.757600
840 0.759200
841 0.761600
842 0.784000
843 0.797600
844 0.785600
845 0.760000
846 0.764000
847 0.780000
848 0.785600
849 0.780000
850 0.772000
851 0.792800
852 0.805600
853 0.830400
854 0.822400
855 0.809600
856 0.798400
857 0.831200
858 0.806400
859 0.815200
860 0.820800
861 0.840000
862 0.822400
863 0.827200
864 0.822400
865 0.795200
866 0.784000
867 0.790400
868 0.771200
869 0.770400
870 0.768800
871 0.782400
872 0.776800
873 0.785600
874 0.805600
875 0.788000
876 0.785600
877 0.812000
878 0.788000
879 0.798400
880 0.777600
881 0.765600
882 0.771200
883 0.770400
884 0.774400
885 0.789600
886 0.787200
887 0.756000
888 0.764000
889 0.776000
890 0.752800
891 0.769600
892 0.760000
893 0.772800
894 0.775200
895 0.779200
896 0.769600
897 0.772800
898 0.793600
899 0.757600
900 0.747200
901 0.716800
902 0.688800
903 0.695200
904 0.645600
905 0.657600
906 0.643200
907 0.672800
908 0.682400
909 0.672000
910 0.688000
911 0.676000
912 0.649600
913 0.713600
914 0.729600
915 0.760000
916 0.730400
917 0.726400
918 0.732800
919 0.727200
920 0.716800
921 0.733600
922 0.740800
923 0.720000
924 0.712000
925 0.708000
926 0.704800
927 0.718400
928 0.743200
929 0.717600
930 0.730400
931 0.729600
932 0.732800
933 0.738400
934 0.738400
935 0.724000
936 0.711200
937 0.748000
938 0.738400
939 0.752000
940 0.756000
941 0.760800
942 0.774400
943 0.732800
944 0.725600
945 0.733600
946 0.741600
947 0.737600
948 0.746400
949 0.747200
950 0.745600
951 0.749600
952 0.732800
953 0.743200
954 0.727200
955 0.729600
956 0.740000
957 0.696800
958 0.726400
959 0.720000
960 0.705600
961 0.721600
962 0.738400
963 0.772000
964 0.790400
965 0.805600
966 0.804000
967 0.796800
968 0.778400
969 0.780000
970 0.791200
971 0.782400
972 0.771200
973 0.772800
974 0.805600
975 0.784800
976 0.797600
977 0.811200
978 0.799200
979 0.812000
980 0.798400
981 0.807200
982 0.812000
983 0.812800
984 0.825600
985 0.828800
986 0.830400
987 0.835200
988 0.842400
989 0.824000
990 0.832800
991 0.825600
992 0.816800
993 0.809600
994 0.794400
995 0.783200
996 0.796800
997 0.800800
998 0.811200
999 0.831200
