0 -0.892800
1 -0.813600
2 -0.724800
3 -0.697600
4 -0.655200
5 -0.604800
6 -0.583200
7 -0.556000
8 -0.496800
9 -0.478400
10 -0.412800
11 -0.354400
12 -0.352000
13 -0.338400
14 -0.320800
15 -0.305600
16 -0.308000
17 -0.281600
18 -0.240800
19 -0.249600
20 -0.270400
21 -0.267200
22 -0.221600
23 -0.189600
24 -0.126400
25 -0.112000
26 -0.104800
27 -0.108800
28 -0.078400
29 -0.035200
30 -0.010400
31 -0.018400
32 -0.053600
33 -0.026400
34 -0.005600
35 0.036800
36 0.000800
37 -0.016000
38 -0.023200
39 -0.009600
40 -0.028000
41 -0.020800
42 0.024800
43 0.067200
44 0.085600
45 0.068000
46 0.096800
47 0.089600
48 0.100800
49 0.074400
50 0.036000
51 0.024800
52 0.012800
53 -0.015200
54 -0.065600
55 -0.088800
56 -0.087200
57 -0.080800
58 -0.069600
59 -0.072000
60 -0.036000
61 -0.036800
62 -0.016000
63 -0.001600
64 -0.000800
65 -0.057600
66 -0.037600
67 -0.037600
68 -0.040000
69 -0.021600
70 -0.060000
71 -0.052000
72 -0.007200
73 0.025600
74 0.009600
75 0.008800
76 0.000800
77 -0.009600
78 -0.037600
79 -0.024000
80 -0.005600
81 -0.006400
82 -0.012800
83 0.008800
84 0.012000
85 0.000800
86 -0.003200
87 -0.008800
88 0.020800
89 0.028800
90 0.036000
91 -0.004800
92 0.010400
93 0.029600
94 0.075200
95 0.064800
96 0.061600
97 0.098400
98 0.086400
99 0.131200
100 0.136000
101 0.149600
102 0.146400
103 0.171200
104 0.169600
105 0.196800
106 0.188800
107 0.148000
108 0.132800
109 0.105600
110 0.085600
111 0.080800
112 0.096000
113 0.108000
114 0.064000
115 0.076800
116 0.112800
117 0.087200
118 0.095200
119 0.062400
120 0.041600
121 0.054400
122 0.054400
123 0.017600
124 -0.013600
125 0.021600
126 0.020800
127 0.037600
128 0.038400
129 0.007200
130 -0.026400
131 -0.047200
132 -0.073600
133 -0.104000
134 -0.106400
135 -0.112800
136 -0.128000
137 -0.130400
138 -0.158400
139 -0.122400
140 -0.052800
141 -0.035200
142 -0.044800
143 -0.063200
144 -0.049600
145 -0.046400
146 -0.060000
147 -0.020800
148 -0.038400
149 -0.067200
150 -0.058400
151 -0.007200
152 -0.064000
153 -0.088000
154 -0.070400
155 -0.018400
156 -0.018400
157 -0.013600
158 -0.034400
159 -0.069600
160 -0.056800
161 -0.040800
162 -0.042400
163 -0.062400
164 -0.064000
165 -0.020800
166 -0.017600
167 -0.041600
168 -0.011200
169 -0.014400
170 0.000800
171 0.018400
172 0.024000
173 0.064000
174 0.060800
175 0.089600
176 0.095200
177 0.077600
178 0.089600
179 0.038400
180 0.028800
181 0.021600
182 0.047200
183 0.026400
184 -0.008000
185 -0.012000
186 -0.003200
187 0.016800
188 0.007200
189 0.021600
190 0.044000
191 0.051200
192 0.083200
193 0.060800
194 0.073600
195 0.041600
196 0.056000
197 -0.007200
198 -0.008000
199 0.040000
200 0.095200
201 0.076800
202 0.093600
203 0.095200
204 0.104800
205 0.066400
206 0.072800
207 0.164000
208 0.157600
209 0.188800
210 0.167200
211 0.144000
212 0.111200
213 0.120800
214 0.164800
215 0.159200
216 0.125600
217 0.104800
218 0.092000
219 0.104000
220 0.082400
221 0.072800
222 0.060000
223 0.069600
224 0.043200
225 0.053600
226 0.048800
227 0.050400
228 0.063200
229 -0.045600
230 -0.083200
231 -0.090400
232 -0.099200
233 -0.094400
234 -0.128000
235 -0.112800
236 -0.128000
237 -0.168800
238 -0.196000
239 -0.144800
240 -0.098400
241 -0.124000
242 -0.123200
243 -0.120800
244 -0.114400
245 -0.121600
246 -0.082400
247 -0.064000
248 -0.031200
249 -0.008000
250 0.049600
251 0.034400
252 0.042400
253 0.065600
254 0.079200
255 0.064000
256 0.055200
257 0.008800
258 -0.014400
259 0.014400
260 0.029600
261 0.005600
262 0.001600
263 -0.000800
264 -0.011200
265 0.006400
266 -0.024800
267 -0.027200
268 -0.015200
269 -0.001600
270 -0.024800
271 -0.040000
272 -0.061600
273 -0.007200
274 -0.003200
275 -0.006400
276 -0.017600
277 -0.061600
278 -0.018400
279 -0.005600
280 -0.026400
281 -0.041600
282 -0.053600
283 -0.036000
284 0.012000
285 -0.023200
286 -0.033600
287 -0.040000
288 -0.023200
289 0.008800
290 -0.040000
291 -0.052000
292 -0.035200
293 -0.020000
294 0.007200
295 0.007200
296 -0.007200
297 -0.023200
298 -0.014400
299 -0.009600
300 0.013600
301 0.006400
302 0.036000
303 0.041600
304 0.064000
305 0.076800
306 0.088000
307 0.092800
308 0.106400
309 0.096800
310 0.120800
311 0.075200
312 0.081600
313 0.067200
314 0.100000
315 0.100000
316 0.067200
317 0.025600
318 0.035200
319 0.012800
320 0.024800
321 0.023200
322 0.032000
323 0.052000
324 0.072000
325 0.096800
326 0.088800
327 0.072800
328 0.059200
329 0.058400
330 0.052800
331 0.008800
332 0.012000
333 0.017600
334 -0.010400
335 -0.008000
336 -0.008800
337 -0.037600
338 -0.051200
339 -0.035200
340 -0.033600
341 -0.051200
342 -0.085600
343 -0.072000
344 -0.050400
345 -0.052800
346 -0.028800
347 -0.044800
348 -0.060800
349 -0.069600
350 -0.020000
351 -0.022400
352 0.004000
353 -0.031200
354 -0.029600
355 -0.026400
356 0.007200
357 0.002400
358 0.068000
359 0.086400
360 0.047200
361 0.044000
362 0.023200
363 -0.012000
364 0.021600
365 -0.016800
366 -0.011200
367 -0.009600
368 -0.064800
369 -0.035200
370 0.000000
371 -0.010400
372 0.005600
373 0.012800
374 0.038400
375 -0.008000
376 0.004000
377 -0.016800
378 -0.004800
379 -0.007200
380 -0.008000
381 -0.006400
382 0.014400
383 -0.012800
384 -0.010400
385 -0.035200
386 -0.023200
387 -0.014400
388 -0.043200
389 -0.060000
390 -0.065600
391 -0.084800
392 -0.094400
393 -0.052800
394 -0.038400
395 -0.052000
396 -0.036000
397 -0.035200
398 -0.030400
399 -0.039200
400 0.001600
401 -0.004000
402 0.013600
403 0.037600
404 0.055200
405 0.072000
406 0.041600
407 0.048000
408 0.095200
409 0.068000
410 0.076800
411 0.054400
412 0.054400
413 0.032800
414 0.060800
415 0.059200
416 0.070400
417 0.070400
418 0.052800
419 0.056000
420 0.070400
421 0.043200
422 0.033600
423 0.044000
424 0.007200
425 -0.031200
426 -0.024800
427 -0.064800
428 -0.068800
429 -0.064000
430 -0.085600
431 -0.032800
432 -0.064800
433 -0.056800
434 -0.059200
435 -0.087200
436 -0.112800
437 -0.128800
438 -0.125600
439 -0.126400
440 -0.170400
441 -0.140000
442 -0.139200
443 -0.112800
444 -0.104800
445 -0.084000
446 -0.132800
447 -0.132000
448 -0.135200
449 -0.132000
450 -0.141600
451 -0.094400
452 -0.052800
453 -0.033600
454 -0.046400
455 -0.057600
456 -0.021600
457 -0.021600
458 -0.020800
459 -0.045600
460 -0.098400
461 -0.107200
462 -0.075200
463 -0.051200
464 -0.040000
465 -0.071200
466 -0.070400
467 -0.079200
468 -0.057600
469 -0.028800
470 -0.008000
471 0.037600
472 0.057600
473 0.054400
474 0.050400
475 0.028000
476 0.036000
477 -0.027200
478 -0.028800
479 -0.026400
480 -0.040000
481 -0.097600
482 -0.134400
483 -0.163200
484 -0.198400
485 -0.213600
486 -0.171200
487 -0.110400
488 -0.080000
489 -0.055200
490 -0.052000
491 -0.041600
492 -0.056800
493 -0.077600
494 -0.112000
495 -0.147200
496 -0.155200
497 -0.180000
498 -0.164800
499 -0.127200
500 -0.132000
501 -0.124000
502 -0.084800
503 -0.086400
504 -0.096000
505 -0.058400
506 -0.037600
507 -0.051200
508 -0.039200
509 0.015200
510 0.000000
511 -0.017600
512 -0.030400
513 -0.024000
514 -0.056000
515 -0.060800
516 -0.030400
517 -0.023200
518 -0.023200
519 -0.052800
520 -0.037600
521 -0.063200
522 -0.078400
523 -0.081600
524 -0.089600
525 -0.080000
526 -0.070400
527 -0.024000
528 -0.028000
529 -0.024800
530 -0.045600
531 -0.036000
532 -0.052800
533 -0.068000
534 -0.042400
535 -0.028800
536 -0.028000
537 -0.069600
538 -0.088000
539 -0.041600
540 -0.040800
541 -0.012000
542 -0.012800
543 -0.013600
544 0.023200
545 0.044800
546 0.036800
547 0.022400
548 0.006400
549 -0.011200
550 -0.052000
551 -0.104000
552 -0.124800
553 -0.090400
554 -0.107200
555 -0.084000
556 -0.060800
557 -0.035200
558 -0.064800
559 -0.016800
560 0.035200
561 0.043200
562 0.084000
563 0.114400
564 0.089600
565 0.134400
566 0.121600
567 0.131200
568 0.132800
569 0.147200
570 0.151200
571 0.112000
572 0.109600
573 0.096000
574 0.100800
575 0.108800
576 0.116000
577 0.144000
578 0.125600
579 0.163200
580 0.131200
581 0.074400
582 0.060800
583 0.036800
584 0.043200
585 0.058400
586 0.079200
587 0.079200
588 0.060800
589 0.061600
590 0.056000
591 0.084800
592 0.051200
593 0.040000
594 0.044800
595 0.052000
596 0.072000
597 0.080800
598 0.102400
599 0.103200
600 0.126400
601 0.138400
602 0.104000
603 0.096800
604 0.065600
605 0.028800
606 -0.005600
607 0.003200
608 -0.007200
609 0.003200
610 -0.019200
611 -0.012000
612 -0.009600
613 0.014400
614 0.002400
615 -0.013600
616 -0.028800
617 -0.042400
618 -0.042400
619 -0.004000
620 -0.004000
621 0.010400
622 0.065600
623 0.046400
624 0.038400
625 0.029600
626 0.001600
627 0.022400
628 0.081600
629 0.050400
630 -0.003200
631 0.002400
632 -0.007200
633 -0.028800
634 -0.049600
635 -0.091200
636 -0.088000
637 -0.065600
638 -0.070400
639 -0.032800
640 -0.033600
641 -0.033600
642 -0.033600
643 -0.076800
644 -0.088800
645 -0.109600
646 -0.127200
647 -0.098400
648 -0.106400
649 -0.079200
650 -0.044000
651 -0.036800
652 -0.032800
653 -0.075200
654 -0.116000
655 -0.085600
656 -0.099200
657 -0.078400
658 -0.048800
659 -0.035200
660 -0.028000
661 -0.074400
662 -0.073600
663 -0.088000
664 -0.064800
665 -0.051200
666 -0.044000
667 -0.064000
668 -0.065600
669 -0.029600
670 -0.028800
671 -0.014400
672 0.023200
673 0.061600
674 0.068800
675 0.044800
676 0.025600
677 0.000000
678 0.016800
679 0.043200
680 0.036800
681 0.032800
682 0.036800
683 0.057600
684 0.093600
685 0.024800
686 0.035200
687 0.044800
688 0.084800
689 0.100000
690 0.102400
691 0.062400
692 0.032800
693 0.058400
694 0.014400
695 0.049600
696 0.078400
697 0.135200
698 0.164000
699 0.160800
700 0.134400
701 0.104800
702 0.100000
703 0.104000
704 0.136800
705 0.124000
706 0.144800
707 0.136000
708 0.144000
709 0.154400
710 0.156800
711 0.128800
712 0.116000
713 0.164000
714 0.112000
715 0.070400
716 0.056800
717 0.008800
718 0.024800
719 0.026400
720 0.045600
721 0.077600
722 0.080000
723 0.096800
724 0.105600
725 0.106400
726 0.063200
727 0.008800
728 0.000800
729 -0.003200
730 -0.008000
731 -0.017600
732 0.019200
733 -0.001600
734 0.000800
735 -0.015200
736 -0.002400
737 -0.007200
738 0.039200
739 0.005600
740 0.014400
741 -0.013600
742 0.022400
743 0.007200
744 0.047200
745 0.039200
746 0.008800
747 0.001600
748 -0.024800
749 0.044000
750 0.042400
751 0.100800
752 0.092800
753 0.115200
754 0.129600
755 0.066400
756 0.068800
757 0.086400
758 0.121600
759 0.104000
760 0.069600
761 0.024000
762 0.016800
763 0.000000
764 0.016000
765 0.016800
766 -0.008000
767 -0.030400
768 -0.040000
769 -0.024800
770 -0.060800
771 -0.054400
772 -0.034400
773 0.004800
774 0.038400
775 0.019200
776 0.015200
777 0.063200
778 0.063200
779 0.074400
780 0.088800
781 0.091200
782 0.025600
783 0.060000
784 0.064000
785 0.064000
786 0.077600
787 0.090400
788 0.115200
789 0.160800
790 0.150400
791 0.118400
792 0.082400
793 0.115200
794 0.116000
795 0.126400
796 0.161600
797 0.079200
798 0.081600
799 0.088800
800 0.078400
801 0.100800
802 0.066400
803 0.010400
804 0.004800
805 -0.051200
806 -0.014400
807 -0.017600
808 0.000000
809 -0.023200
810 -0.010400
811 -0.001600
812 0.004800
813 -0.036800
814 -0.020000
815 0.000800
816 0.003200
817 0.019200
818 0.016800
819 0.020000
820 0.056000
821 0.034400
822 0.014400
823 0.016000
824 -0.005600
825 -0.016800
826 0.010400
827 -0.004000
828 -0.012000
829 0.020800
830 0.047200
831 0.071200
832 0.058400
833 0.060000
834 0.045600
835 -0.003200
836 0.019200
837 0.016800
838 -0.010400
839 0.028800
840 0.023200
841 -0.047200
842 -0.041600
843 -0.003200
844 -0.011200
845 -0.004000
846 0.001600
847 0.009600
848 0.012000
849 -0.000800
850 0.027200
851 0.019200
852 0.040000
853 0.046400
854 0.049600
855 0.082400
856 0.051200
857 0.032000
858 0.002400
859 -0.004000
860 -0.012000
861 -0.022400
862 -0.027200
863 -0.004800
864 -0.000800
865 -0.005600
866 -0.025600
867 -0.011200
868 -0.033600
869 -0.022400
870 -0.044000
871 -0.055200
872 -0.043200
873 -0.060800
874 -0.064800
875 -0.041600
876 -0.071200
877 -0.046400
878 -0.064800
879 -0.028000
880 -0.016800
881 -0.027200
882 -0.015200
883 -0.011200
884 0.032800
885 0.011200
886 -0.032800
887 0.008000
888 -0.037600
889 -0.010400
890 -0.028000
891 -0.036800
892 -0.078400
893 -0.096800
894 -0.105600
895 -0.032800
896 -0.025600
897 -0.037600
898 -0.045600
899 -0.019200
900 -0.051200
901 -0.064000
902 -0.045600
903 -0.021600
904 -0.008800
905 0.028000
906 0.020800
907 0.051200
908 0.030400
909 0.008800
910 0.013600
911 -0.022400
912 0.024800
913 0.020000
914 -0.014400
915 -0.019200
916 -0.033600
917 0.030400
918 0.059200
919 0.083200
920 0.044000
921 0.032800
922 0.067200
923 0.014400
924 0.028000
925 0.048800
926 0.025600
927 0.004000
928 -0.043200
929 -0.048800
930 -0.036800
931 -0.064800
932 -0.055200
933 -0.049600
934 -0.056000
935 -0.048800
936 -0.027200
937 -0.010400
938 -0.024800
939 -0.076000
940 -0.069600
941 -0.052000
942 -0.076800
943 -0.050400
944 -0.033600
945 0.000800
946 -0.024000
947 0.013600
948 0.033600
949 0.080000
950 0.092000
951 0.101600
952 0.090400
953 0.070400
954 0.021600
955 -0.001600
956 -0.006400
957 -0.008000
958 -0.022400
959 -0.013600
960 0.028000
961 0.015200
962 0.052000
963 0.022400
964 0.001600
965 -0.031200
966 -0.080000
967 -0.072800
968 -0.068000
969 -0.088000
970 -0.133600
971 -0.124800
972 -0.136000
973 -0.096000
974 -0.120000
975 -0.068000
976 -0.054400
977 -0.020000
978 -0.020000
979 -0.018400
980 -0.014400
981 -0.015200
982 0.023200
983 0.017600
984 0.008000
985 0.030400
986 0.068000
987 0.088000
988 0.124800
989 0.141600
990 0.116000
991 0.070400
992 0.016800
993 0.025600
994 0.026400
995 0.042400
996 -0.003200
997 0.024000
998 0.037600
999 0.004000
