0 0.034400
1 0.053600
2 0.052000
3 0.084000
4 0.119200
5 0.145600
6 0.149600
7 0.139200
8 0.124000
9 0.192800
10 0.229600
11 0.252000
12 0.260000
13 0.275200
14 0.283200
15 0.313600
16 0.301600
17 0.320800
18 0.335200
19 0.356800
20 0.376000
21 0.360800
22 0.408000
23 0.414400
24 0.376800
25 0.372800
26 0.381600
27 0.396000
28 0.388800
29 0.406400
30 0.414400
31 0.434400
32 0.435200
33 0.431200
34 0.452800
35 0.431200
36 0.441600
37 0.432800
38 0.410400
39 0.397600
40 0.394400
41 0.379200
42 0.391200
43 0.399200
44 0.418400
45 0.420000
46 0.423200
47 0.404000
48 0.404800
49 0.409600
50 0.392800
51 0.389600
52 0.395200
53 0.397600
54 0.392800
55 0.384800
56 0.372000
57 0.420000
58 0.412800
59 0.408800
60 0.428800
61 0.414400
62 0.428000
63 0.438400
64 0.429600
65 0.446400
66 0.394400
67 0.356800
68 0.348800
69 0.344000
70 0.364000
71 0.382400
72 0.386400
73 0.408800
74 0.392000
75 0.407200
76 0.440000
77 0.428800
78 0.409600
79 0.417600
80 0.452800
81 0.473600
82 0.484800
83 0.510400
84 0.516800
85 0.524000
86 0.496000
87 0.503200
88 0.527200
89 0.524000
90 0.528800
91 0.572000
92 0.548800
93 0.511200
94 0.510400
95 0.516000
96 0.528800
97 0.548000
98 0.558400
99 0.569600
100 0.578400
101 0.580000
102 0.595200
103 0.603200
104 0.588000
105 0.606400
106 0.626400
107 0.639200
108 0.651200
109 0.623200
110 0.615200
111 0.622400
112 0.627200
113 0.619200
114 0.604000
115 0.581600
116 0.571200
117 0.557600
118 0.558400
119 0.564000
120 0.586400
121 0.583200
122 0.574400
123 0.564000
124 0.581600
125 0.565600
126 0.572000
127 0.582400
128 0.596800
129 0.611200
130 0.605600
131 0.627200
132 0.615200
133 0.592000
134 0.629600
135 0.619200
136 0.597600
137 0.605600
138 0.624000
139 0.609600
140 0.600000
141 0.586400
142 0.591200
143 0.607200
144 0.616800
145 0.612000
146 0.615200
147 0.592800
148 0.576800
149 0.600800
150 0.607200
151 0.638400
152 0.611200
153 0.602400
154 0.607200
155 0.607200
156 0.604800
157 0.613600
158 0.606400
159 0.600800
160 0.595200
161 0.596800
162 0.588000
163 0.586400
164 0.583200
165 0.573600
166 0.573600
167 0.565600
168 0.565600
169 0.548000
170 0.562400
171 0.544800
172 0.515200
173 0.522400
174 0.524000
175 0.540000
176 0.548800
177 0.569600
178 0.553600
179 0.543200
180 0.544000
181 0.553600
182 0.528000
183 0.535200
184 0.539200
185 0.529600
186 0.522400
187 0.528000
188 0.519200
189 0.524800
190 0.507200
191 0.535200
192 0.529600
193 0.528800
194 0.540000
195 0.520800
196 0.516000
197 0.504800
198 0.486400
199 0.468000
200 0.488800
201 0.469600
202 0.460000
203 0.516000
204 0.510400
205 0.519200
206 0.517600
207 0.508000
208 0.505600
209 0.519200
210 0.500000
211 0.495200
212 0.477600
213 0.456800
214 0.437600
215 0.452800
216 0.479200
217 0.490400
218 0.501600
219 0.503200
220 0.520800
221 0.518400
222 0.528800
223 0.538400
224 0.540800
225 0.553600
226 0.541600
227 0.521600
228 0.524000
229 0.535200
230 0.524000
231 0.510400
232 0.475200
233 0.480800
234 0.456800
235 0.431200
236 0.464800
237 0.481600
238 0.488800
239 0.490400
240 0.468800
241 0.488800
242 0.498400
243 0.464000
244 0.500000
245 0.520000
246 0.534400
247 0.527200
248 0.511200
249 0.529600
250 0.539200
251 0.517600
252 0.528000
253 0.505600
254 0.532000
255 0.543200
256 0.508800
257 0.512800
258 0.514400
259 0.518400
260 0.530400
261 0.492800
262 0.500000
263 0.523200
264 0.513600
265 0.511200
266 0.519200
267 0.511200
268 0.520800
269 0.531200
270 0.520800
271 0.542400
272 0.556800
273 0.538400
274 0.532800
275 0.532000
276 0.524000
277 0.512800
278 0.528000
279 0.528800
280 0.534400
281 0.548000
282 0.560800
283 0.572800
284 0.582400
285 0.600000
286 0.600000
287 0.585600
288 0.586400
289 0.574400
290 0.568800
291 0.541600
292 0.532000
293 0.545600
294 0.527200
295 0.530400
296 0.537600
297 0.556800
298 0.566400
299 0.569600
300 0.544800
301 0.548000
302 0.542400
303 0.567200
304 0.571200
305 0.563200
306 0.575200
307 0.601600
308 0.599200
309 0.603200
310 0.596000
311 0.596000
312 0.603200
313 0.604000
314 0.612000
315 0.621600
316 0.648000
317 0.628800
318 0.615200
319 0.612000
320 0.614400
321 0.619200
322 0.608000
323 0.602400
324 0.620800
325 0.634400
326 0.640800
327 0.644800
328 0.636800
329 0.638400
330 0.632000
331 0.644000
332 0.646400
333 0.663200
334 0.667200
335 0.685600
336 0.676800
337 0.686400
338 0.669600
339 0.669600
340 0.684000
341 0.662400
342 0.659200
343 0.642400
344 0.636800
345 0.637600
346 0.633600
347 0.625600
348 0.626400
349 0.637600
350 0.616000
351 0.613600
352 0.617600
353 0.619200
354 0.621600
355 0.627200
356 0.590400
357 0.604000
358 0.608800
359 0.614400
360 0.616800
361 0.629600
362 0.658400
363 0.660000
364 0.647200
365 0.624800
366 0.636000
367 0.649600
368 0.652800
369 0.629600
370 0.632000
371 0.642400
372 0.674400
373 0.659200
374 0.644800
375 0.610400
376 0.612800
377 0.616800
378 0.614400
379 0.644000
380 0.638400
381 0.622400
382 0.623200
383 0.600800
384 0.595200
385 0.620800
386 0.636000
387 0.636000
388 0.640000
389 0.632000
390 0.617600
391 0.643200
392 0.632800
393 0.636000
394 0.625600
395 0.623200
396 0.577600
397 0.572000
398 0.585600
399 0.581600
400 0.580000
401 0.608800
402 0.620000
403 0.638400
404 0.613600
405 0.621600
406 0.611200
407 0.626400
408 0.605600
409 0.600000
410 0.576000
411 0.560800
412 0.554400
413 0.555200
414 0.537600
415 0.535200
416 0.575200
417 0.573600
418 0.571200
419 0.560800
420 0.544000
421 0.511200
422 0.496800
423 0.504000
424 0.537600
425 0.517600
426 0.508000
427 0.534400
428 0.546400
429 0.556800
430 0.526400
431 0.498400
432 0.500000
433 0.497600
434 0.492800
435 0.494400
436 0.515200
437 0.517600
438 0.511200
439 0.520800
440 0.514400
441 0.529600
442 0.524000
443 0.516000
444 0.520000
445 0.514400
446 0.543200
447 0.534400
448 0.528800
449 0.516800
450 0.564800
451 0.559200
452 0.552000
453 0.550400
454 0.561600
455 0.560800
456 0.559200
457 0.557600
458 0.550400
459 0.551200
460 0.561600
461 0.529600
462 0.546400
463 0.532800
464 0.534400
465 0.536800
466 0.542400
467 0.540000
468 0.567200
469 0.544800
470 0.552800
471 0.564800
472 0.591200
473 0.580800
474 0.597600
475 0.591200
476 0.586400
477 0.580800
478 0.578400
479 0.561600
480 0.559200
481 0.548800
482 0.545600
483 0.550400
484 0.559200
485 0.556000
486 0.546400
487 0.555200
488 0.570400
489 0.608000
490 0.611200
491 0.614400
492 0.622400
493 0.601600
494 0.614400
495 0.592800
496 0.593600
497 0.611200
498 0.600800
499 0.607200
500 0.635200
501 0.616000
502 0.609600
503 0.599200
504 0.584000
505 0.602400
506 0.613600
507 0.620000
508 0.633600
509 0.644800
510 0.652000
511 0.652000
512 0.660000
513 0.648000
514 0.636800
515 0.656800
516 0.672800
517 0.662400
518 0.649600
519 0.661600
520 0.675200
521 0.678400
522 0.633600
523 0.650400
524 0.675200
525 0.672000
526 0.676800
527 0.668800
528 0.666400
529 0.679200
530 0.672800
531 0.692800
532 0.704800
533 0.717600
534 0.732800
535 0.737600
536 0.744000
537 0.769600
538 0.758400
539 0.769600
540 0.756800
541 0.788800
542 0.800800
543 0.788800
544 0.787200
545 0.776000
546 0.788800
547 0.788800
548 0.793600
549 0.783200
550 0.768000
551 0.768000
552 0.789600
553 0.831200
554 0.793600
555 0.795200
556 0.797600
557 0.810400
558 0.828800
559 0.824800
560 0.805600
561 0.812000
562 0.823200
563 0.815200
564 0.807200
565 0.798400
566 0.798400
567 0.807200
568 0.812800
569 0.789600
570 0.745600
571 0.760000
572 0.769600
573 0.795200
574 0.808000
575 0.817600
576 0.811200
577 0.799200
578 0.774400
579 0.776800
580 0.752800
581 0.750400
582 0.787200
583 0.784800
584 0.795200
585 0.803200
586 0.808800
587 0.771200
588 0.766400
589 0.776000
590 0.771200
591 0.774400
592 0.809600
593 0.812800
594 0.810400
595 0.822400
596 0.827200
597 0.804000
598 0.789600
599 0.784800
600 0.784800
601 0.788000
602 0.789600
603 0.786400
604 0.778400
605 0.786400
606 0.803200
607 0.806400
608 0.818400
609 0.815200
610 0.808000
611 0.805600
612 0.807200
613 0.816800
614 0.810400
615 0.790400
616 0.792000
617 0.826400
618 0.829600
619 0.818400
620 0.823200
621 0.842400
622 0.851200
623 0.849600
624 0.856800
625 0.830400
626 0.834400
627 0.801600
628 0.802400
629 0.804000
630 0.808000
631 0.823200
632 0.840000
633 0.833600
634 0.836800
635 0.807200
636 0.803200
637 0.787200
638 0.811200
639 0.808800
640 0.807200
641 0.810400
642 0.816800
643 0.820800
644 0.818400
645 0.781600
646 0.761600
647 0.744800
648 0.745600
649 0.730400
650 0.716800
651 0.736800
652 0.744000
653 0.733600
654 0.744800
655 0.739200
656 0.732800
657 0.733600
658 0.756800
659 0.756000
660 0.733600
661 0.749600
662 0.746400
663 0.743200
664 0.736000
665 0.708800
666 0.755200
667 0.772000
668 0.801600
669 0.838400
670 0.822400
671 0.831200
672 0.849600
673 0.840800
674 0.857600
675 0.852000
676 0.838400
677 0.838400
678 0.832000
679 0.820800
680 0.816800
681 0.800000
682 0.813600
683 0.832800
684 0.841600
685 0.845600
686 0.814400
687 0.831200
688 0.836800
689 0.821600
690 0.812000
691 0.828800
692 0.814400
693 0.818400
694 0.795200
695 0.785600
696 0.797600
697 0.797600
698 0.834400
699 0.824800
700 0.824000
701 0.849600
702 0.846400
703 0.804800
704 0.812800
705 0.814400
706 0.799200
707 0.820000
708 0.831200
709 0.839200
710 0.844800
711 0.860000
712 0.850400
713 0.851200
714 0.844000
715 0.840800
716 0.841600
717 0.848000
718 0.844800
719 0.841600
720 0.841600
721 0.833600
722 0.838400
723 0.828000
724 0.839200
725 0.843200
726 0.846400
727 0.853600
728 0.877600
729 0.866400
730 0.847200
731 0.844000
732 0.858400
733 0.866400
734 0.874400
735 0.854400
736 0.852000
737 0.828000
738 0.853600
739 0.847200
740 0.852000
741 0.836000
742 0.859200
743 0.849600
744 0.836000
745 0.834400
746 0.825600
747 0.832800
748 0.832000
749 0.809600
750 0.813600
751 0.789600
752 0.780800
753 0.768000
754 0.777600
755 0.774400
756 0.779200
757 0.777600
758 0.784800
759 0.772000
760 0.811200
761 0.806400
762 0.808000
763 0.820800
764 0.819200
765 0.847200
766 0.844800
767 0.817600
768 0.799200
769 0.824800
770 0.820000
771 0.812000
772 0.778400
773 0.787200
774 0.802400
775 0.815200
776 0.826400
777 0.819200
778 0.806400
779 0.764800
780 0.784000
781 0.788800
782 0.792000
783 0.792000
784 0.814400
785 0.828000
786 0.820000
787 0.815200
788 0.821600
789 0.806400
790 0.800000
791 0.790400
792 0.812800
793 0.826400
794 0.820000
795 0.820800
796 0.809600
797 0.793600
798 0.819200
799 0.814400
800 0.826400
801 0.823200
802 0.832800
803 0.818400
804 0.821600
805 0.836000
806 0.838400
807 0.828800
808 0.817600
809 0.816800
810 0.800000
811 0.784000
812 0.772000
813 0.775200
814 0.760800
815 0.752000
816 0.760000
817 0.757600
818 0.748800
819 0.736000
820 0.740000
821 0.729600
822 0.729600
823 0.728800
824 0.713600
825 0.696800
826 0.699200
827 0.726400
828 0.720000
829 0.700800
830 0.680000
831 0.710400
832 0.717600
833 0.724800
834 0.740800
835 0.743200
836 0.776000
837 0.778400
838 0.771200
839 0.780000
840 0.816800
841 0.800800
842 0.800000
843 0.795200
844 0.792000
845 0.797600
846 0.801600
847 0.801600
848 0.819200
849 0.781600
850 0.794400
851 0.781600
852 0.809600
853 0.791200
854 0.806400
855 0.803200
856 0.790400
857 0.776000
858 0.780000
859 0.752800
860 0.756000
861 0.751200
862 0.755200
863 0.756000
864 0.745600
865 0.732000
866 0.711200
867 0.720800
868 0.721600
869 0.753600
870 0.757600
871 0.755200
872 0.750400
873 0.766400
874 0.764800
875 0.765600
876 0.757600
877 0.757600
878 0.744000
879 0.752000
880 0.756000
881 0.768000
882 0.781600
883 0.765600
884 0.770400
885 0.801600
886 0.784000
887 0.772000
888 0.748800
889 0.757600
890 0.760000
891 0.737600
892 0.712800
893 0.697600
894 0.708000
895 0.701600
896 0.704000
897 0.680800
898 0.676000
899 0.660000
900 0.681600
901 0.668000
902 0.677600
903 0.695200
904 0.680800
905 0.700000
906 0.681600
907 0.708000
908 0.733600
909 0.741600
910 0.736000
911 0.738400
912 0.726400
913 0.737600
914 0.749600
915 0.754400
916 0.772000
917 0.776000
918 0.771200
919 0.796800
920 0.812000
921 0.816800
922 0.820000
923 0.810400
924 0.800800
925 0.776800
926 0.774400
927 0.785600
928 0.781600
929 0.796000
930 0.768800
931 0.731200
932 0.724000
933 0.727200
934 0.701600
935 0.688000
936 0.712000
937 0.718400
938 0.684000
939 0.704800
940 0.703200
941 0.690400
942 0.704800
943 0.698400
944 0.732000
945 0.705600
946 0.729600
947 0.720800
948 0.713600
949 0.735200
950 0.751200
951 0.779200
952 0.761600
953 0.740800
954 0.716000
955 0.724000
956 0.743200
957 0.748000
958 0.754400
959 0.755200
960 0.733600
961 0.753600
962 0.735200
963 0.721600
964 0.717600
965 0.706400
966 0.704000
967 0.704800
968 0.705600
969 0.744800
970 0.743200
971 0.720000
972 0.723200
973 0.717600
974 0.716000
975 0.716800
976 0.715200
977 0.704000
978 0.703200
979 0.703200
980 0.708800
981 0.716000
982 0.716000
983 0.748800
984 0.748000
985 0.763200
986 0.735200
987 0.732000
988 0.715200
989 0.712000
990 0.713600
991 0.714400
992 0.740800
993 0.742400
994 0.743200
995 0.741600
996 0.737600
997 0.696000
998 0.693600
999 0.680800
