0 -0.943200
1 -0.934400
2 -0.910400
3 -0.908000
4 -0.896000
5 -0.900800
6 -0.896800
7 -0.888800
8 -0.876800
9 -0.868000
10 -0.884000
11 -0.875200
12 -0.878400
13 -0.876800
14 -0.865600
15 -0.869600
16 -0.873600
17 -0.875200
18 -0.839200
19 -0.832000
20 -0.827200
21 -0.813600
22 -0.803200
23 -0.824000
24 -0.819200
25 -0.805600
26 -0.827200
27 -0.831200
28 -0.839200
29 -0.843200
30 -0.840800
31 -0.818400
32 -0.800000
33 -0.810400
34 -0.796000
35 -0.803200
36 -0.800800
37 -0.787200
38 -0.804000
39 -0.820000
40 -0.818400
41 -0.808800
42 -0.808000
43 -0.808000
44 -0.784000
45 -0.789600
46 -0.785600
47 -0.787200
48 -0.793600
49 -0.796000
50 -0.806400
51 -0.792800
52 -0.792800
53 -0.789600
54 -0.800800
55 -0.802400
56 -0.800800
57 -0.795200
58 -0.780000
59 -0.783200
60 -0.768000
61 -0.776000
62 -0.780800
63 -0.761600
64 -0.774400
65 -0.784800
66 -0.794400
67 -0.783200
68 -0.792000
69 -0.789600
70 -0.759200
71 -0.744800
72 -0.752000
73 -0.767200
74 -0.772800
75 -0.800800
76 -0.796000
77 -0.806400
78 -0.822400
79 -0.816800
80 -0.816800
81 -0.817600
82 -0.825600
83 -0.803200
84 -0.824000
85 -0.854400
86 -0.841600
87 -0.838400
88 -0.808000
89 -0.817600
90 -0.825600
91 -0.807200
92 -0.811200
93 -0.805600
94 -0.814400
95 -0.818400
96 -0.812000
97 -0.831200
98 -0.840000
99 -0.842400
100 -0.838400
101 -0.833600
102 -0.851200
103 -0.835200
104 -0.824800
105 -0.800800
106 -0.764800
107 -0.776800
108 -0.776800
109 -0.776800
110 -0.788000
111 -0.780800
112 -0.764000
113 -0.763200
114 -0.764000
115 -0.749600
116 -0.755200
117 -0.770400
118 -0.758400
119 -0.761600
120 -0.761600
121 -0.757600
122 -0.764800
123 -0.775200
124 -0.772000
125 -0.782400
126 -0.782400
127 -0.792000
128 -0.778400
129 -0.788800
130 -0.795200
131 -0.796000
132 -0.816000
133 -0.807200
134 -0.809600
135 -0.807200
136 -0.813600
137 -0.798400
138 -0.805600
139 -0.800800
140 -0.815200
141 -0.819200
142 -0.815200
143 -0.807200
144 -0.810400
145 -0.792800
146 -0.748000
147 -0.744800
148 -0.768000
149 -0.740800
150 -0.697600
151 -0.680800
152 -0.684800
153 -0.685600
154 -0.704000
155 -0.708000
156 -0.710400
157 -0.707200
158 -0.734400
159 -0.759200
160 -0.767200
161 -0.775200
162 -0.775200
163 -0.776800
164 -0.752000
165 -0.726400
166 -0.738400
167 -0.719200
168 -0.704000
169 -0.717600
170 -0.688000
171 -0.695200
172 -0.700800
173 -0.726400
174 -0.702400
175 -0.736000
176 -0.752800
177 -0.740800
178 -0.730400
179 -0.756000
180 -0.763200
181 -0.760800
182 -0.761600
183 -0.741600
184 -0.749600
185 -0.749600
186 -0.756000
187 -0.748000
188 -0.784800
189 -0.799200
190 -0.808000
191 -0.788000
192 -0.806400
193 -0.809600
194 -0.837600
195 -0.842400
196 -0.840800
197 -0.852800
198 -0.844800
199 -0.826400
200 -0.803200
201 -0.816800
202 -0.800000
203 -0.802400
204 -0.791200
205 -0.802400
206 -0.791200
207 -0.792000
208 -0.796800
209 -0.796800
210 -0.797600
211 -0.792800
212 -0.804000
213 -0.784000
214 -0.772800
215 -0.745600
216 -0.752000
217 -0.739200
218 -0.762400
219 -0.784800
220 -0.795200
221 -0.786400
222 -0.768800
223 -0.772800
224 -0.792800
225 -0.776800
226 -0.752800
227 -0.765600
228 -0.769600
229 -0.765600
230 -0.784000
231 -0.801600
232 -0.789600
233 -0.790400
234 -0.820000
235 -0.815200
236 -0.833600
237 -0.840800
238 -0.832000
239 -0.830400
240 -0.844800
241 -0.850400
242 -0.828000
243 -0.820800
244 -0.822400
245 -0.841600
246 -0.847200
247 -0.849600
248 -0.832800
249 -0.812000
250 -0.807200
251 -0.802400
252 -0.807200
253 -0.810400
254 -0.802400
255 -0.810400
256 -0.825600
257 -0.809600
258 -0.812800
259 -0.803200
260 -0.801600
261 -0.787200
262 -0.797600
263 -0.788800
264 -0.801600
265 -0.783200
266 -0.796000
267 -0.791200
268 -0.804800
269 -0.822400
270 -0.813600
271 -0.808800
272 -0.792000
273 -0.815200
274 -0.792800
275 -0.806400
276 -0.839200
277 -0.813600
278 -0.803200
279 -0.799200
280 -0.789600
281 -0.768000
282 -0.772800
283 -0.755200
284 -0.744000
285 -0.758400
286 -0.760800
287 -0.760000
288 -0.744800
289 -0.764800
290 -0.746400
291 -0.752000
292 -0.769600
293 -0.752000
294 -0.751200
295 -0.760000
296 -0.766400
297 -0.756800
298 -0.758400
299 -0.737600
300 -0.720800
301 -0.709600
302 -0.733600
303 -0.740800
304 -0.729600
305 -0.736800
306 -0.765600
307 -0.750400
308 -0.760800
309 -0.783200
310 -0.768000
311 -0.772000
312 -0.748000
313 -0.744800
314 -0.728000
315 -0.744000
316 -0.772800
317 -0.771200
318 -0.751200
319 -0.728800
320 -0.740800
321 -0.749600
322 -0.743200
323 -0.757600
324 -0.802400
325 -0.809600
326 -0.780800
327 -0.779200
328 -0.780800
329 -0.780000
330 -0.760000
331 -0.747200
332 -0.760000
333 -0.768800
334 -0.790400
335 -0.777600
336 -0.787200
337 -0.800000
338 -0.796000
339 -0.802400
340 -0.809600
341 -0.773600
342 -0.766400
343 -0.780800
344 -0.795200
345 -0.776000
346 -0.775200
347 -0.769600
348 -0.758400
349 -0.773600
350 -0.779200
351 -0.780000
352 -0.772000
353 -0.801600
354 -0.774400
355 -0.788000
356 -0.788800
357 -0.791200
358 -0.804000
359 -0.804000
360 -0.775200
361 -0.793600
362 -0.772000
363 -0.788000
364 -0.780800
365 -0.800000
366 -0.784800
367 -0.787200
368 -0.767200
369 -0.767200
370 -0.772000
371 -0.758400
372 -0.764000
373 -0.750400
374 -0.767200
375 -0.755200
376 -0.772800
377 -0.774400
378 -0.786400
379 -0.772000
380 -0.753600
381 -0.776800
382 -0.758400
383 -0.760800
384 -0.792000
385 -0.784800
386 -0.780800
387 -0.785600
388 -0.776800
389 -0.781600
390 -0.795200
391 -0.798400
392 -0.784800
393 -0.793600
394 -0.768800
395 -0.771200
396 -0.772000
397 -0.787200
398 -0.779200
399 -0.754400
400 -0.772800
401 -0.775200
402 -0.776800
403 -0.791200
404 -0.792800
405 -0.794400
406 -0.792000
407 -0.796800
408 -0.816800
409 -0.816000
410 -0.792000
411 -0.768800
412 -0.788800
413 -0.784800
414 -0.784800
415 -0.795200
416 -0.768000
417 -0.751200
418 -0.765600
419 -0.741600
420 -0.760800
421 -0.771200
422 -0.791200
423 -0.800800
424 -0.765600
425 -0.768000
426 -0.773600
427 -0.762400
428 -0.772000
429 -0.771200
430 -0.777600
431 -0.772800
432 -0.790400
433 -0.784800
434 -0.760800
435 -0.777600
436 -0.787200
437 -0.791200
438 -0.800000
439 -0.804000
440 -0.804800
441 -0.822400
442 -0.804000
443 -0.822400
444 -0.817600
445 -0.846400
446 -0.847200
447 -0.852000
448 -0.843200
449 -0.832000
450 -0.829600
451 -0.808000
452 -0.770400
453 -0.760000
454 -0.762400
455 -0.745600
456 -0.764800
457 -0.754400
458 -0.729600
459 -0.741600
460 -0.719200
461 -0.713600
462 -0.688000
463 -0.689600
464 -0.696000
465 -0.708000
466 -0.708800
467 -0.720800
468 -0.700800
469 -0.712000
470 -0.714400
471 -0.714400
472 -0.708000
473 -0.717600
474 -0.726400
475 -0.704000
476 -0.685600
477 -0.672000
478 -0.704800
479 -0.708000
480 -0.709600
481 -0.705600
482 -0.678400
483 -0.695200
484 -0.689600
485 -0.693600
486 -0.693600
487 -0.689600
488 -0.700000
489 -0.707200
490 -0.691200
491 -0.673600
492 -0.704000
493 -0.701600
494 -0.720000
495 -0.710400
496 -0.682400
497 -0.680800
498 -0.675200
499 -0.669600
500 -0.666400
501 -0.655200
502 -0.686400
503 -0.688800
504 -0.679200
505 -0.696000
506 -0.721600
507 -0.700000
508 -0.690400
509 -0.696000
510 -0.705600
511 -0.709600
512 -0.712000
513 -0.717600
514 -0.723200
515 -0.671200
516 -0.660800
517 -0.658400
518 -0.663200
519 -0.651200
520 -0.667200
521 -0.679200
522 -0.684000
523 -0.670400
524 -0.684000
525 -0.676000
526 -0.679200
527 -0.682400
528 -0.691200
529 -0.710400
530 -0.673600
531 -0.669600
532 -0.658400
533 -0.624000
534 -0.648000
535 -0.651200
536 -0.660000
537 -0.674400
538 -0.684800
539 -0.662400
540 -0.676800
541 -0.673600
542 -0.683200
543 -0.693600
544 -0.704000
545 -0.688000
546 -0.710400
547 -0.700800
548 -0.712000
549 -0.740800
550 -0.755200
551 -0.739200
552 -0.727200
553 -0.740800
554 -0.761600
555 -0.782400
556 -0.772800
557 -0.781600
558 -0.792000
559 -0.784800
560 -0.791200
561 -0.807200
562 -0.819200
563 -0.816000
564 -0.828000
565 -0.816000
566 -0.816000
567 -0.811200
568 -0.846400
569 -0.848000
570 -0.840000
571 -0.827200
572 -0.816000
573 -0.828000
574 -0.842400
575 -0.832000
576 -0.858400
577 -0.834400
578 -0.842400
579 -0.830400
580 -0.815200
581 -0.824000
582 -0.831200
583 -0.834400
584 -0.843200
585 -0.860000
586 -0.831200
587 -0.824000
588 -0.840000
589 -0.833600
590 -0.804000
591 -0.801600
592 -0.800000
593 -0.793600
594 -0.786400
595 -0.744800
596 -0.730400
597 -0.739200
598 -0.727200
599 -0.691200
600 -0.707200
601 -0.691200
602 -0.704800
603 -0.687200
604 -0.672000
605 -0.672800
606 -0.670400
607 -0.636800
608 -0.668800
609 -0.696000
610 -0.729600
611 -0.721600
612 -0.731200
613 -0.738400
614 -0.759200
615 -0.786400
616 -0.786400
617 -0.776000
618 -0.772000
619 -0.782400
620 -0.769600
621 -0.786400
622 -0.789600
623 -0.787200
624 -0.769600
625 -0.801600
626 -0.793600
627 -0.807200
628 -0.788000
629 -0.793600
630 -0.813600
631 -0.832000
632 -0.820000
633 -0.814400
634 -0.812800
635 -0.822400
636 -0.815200
637 -0.809600
638 -0.814400
639 -0.820000
640 -0.813600
641 -0.844000
642 -0.816000
643 -0.815200
644 -0.811200
645 -0.831200
646 -0.820000
647 -0.819200
648 -0.832000
649 -0.821600
650 -0.824800
651 -0.831200
652 -0.836000
653 -0.828800
654 -0.812800
655 -0.790400
656 -0.804800
657 -0.801600
658 -0.805600
659 -0.807200
660 -0.793600
661 -0.780000
662 -0.760000
663 -0.771200
664 -0.777600
665 -0.784800
666 -0.771200
667 -0.774400
668 -0.775200
669 -0.792000
670 -0.820000
671 -0.810400
672 -0.827200
673 -0.812800
674 -0.791200
675 -0.801600
676 -0.808000
677 -0.817600
678 -0.803200
679 -0.788800
680 -0.764800
681 -0.771200
682 -0.740000
683 -0.739200
684 -0.717600
685 -0.713600
686 -0.706400
687 -0.711200
688 -0.712800
689 -0.752000
690 -0.756000
691 -0.734400
692 -0.750400
693 -0.756800
694 -0.753600
695 -0.751200
696 -0.748000
697 -0.772800
698 -0.786400
699 -0.809600
700 -0.824000
701 -0.805600
702 -0.824000
703 -0.804000
704 -0.820800
705 -0.798400
706 -0.807200
707 -0.799200
708 -0.830400
709 -0.828000
710 -0.836000
711 -0.832800
712 -0.828000
713 -0.849600
714 -0.835200
715 -0.835200
716 -0.846400
717 -0.850400
718 -0.853600
719 -0.844000
720 -0.852800
721 -0.856000
722 -0.840800
723 -0.844800
724 -0.842400
725 -0.836800
726 -0.826400
727 -0.804800
728 -0.811200
729 -0.809600
730 -0.835200
731 -0.817600
732 -0.818400
733 -0.796000
734 -0.804800
735 -0.790400
736 -0.779200
737 -0.776000
738 -0.772000
739 -0.750400
740 -0.745600
741 -0.764800
742 -0.784000
743 -0.774400
744 -0.779200
745 -0.773600
746 -0.784000
747 -0.793600
748 -0.770400
749 -0.789600
750 -0.788000
751 -0.800000
752 -0.802400
753 -0.805600
754 -0.792800
755 -0.789600
756 -0.808000
757 -0.820000
758 -0.829600
759 -0.833600
760 -0.823200
761 -0.819200
762 -0.816800
763 -0.828800
764 -0.820800
765 -0.820000
766 -0.830400
767 -0.832000
768 -0.811200
769 -0.816000
770 -0.835200
771 -0.848800
772 -0.828000
773 -0.842400
774 -0.828800
775 -0.809600
776 -0.813600
777 -0.824000
778 -0.828800
779 -0.840800
780 -0.840800
781 -0.832000
782 -0.821600
783 -0.824000
784 -0.840800
785 -0.832000
786 -0.817600
787 -0.840000
788 -0.830400
789 -0.819200
790 -0.791200
791 -0.816800
792 -0.830400
793 -0.836000
794 -0.824000
795 -0.841600
796 -0.841600
797 -0.842400
798 -0.857600
799 -0.835200
800 -0.820800
801 -0.812800
802 -0.808800
803 -0.804800
804 -0.808000
805 -0.804800
806 -0.810400
807 -0.822400
808 -0.818400
809 -0.809600
810 -0.832000
811 -0.831200
812 -0.841600
813 -0.840800
814 -0.833600
815 -0.835200
816 -0.826400
817 -0.819200
818 -0.835200
819 -0.822400
820 -0.828000
821 -0.808000
822 -0.809600
823 -0.806400
824 -0.811200
825 -0.826400
826 -0.836000
827 -0.843200
828 -0.858400
829 -0.850400
830 -0.841600
831 -0.821600
832 -0.831200
833 -0.824800
834 -0.818400
835 -0.820800
836 -0.813600
837 -0.808800
838 -0.820800
839 -0.829600
840 -0.812000
841 -0.804000
842 -0.832000
843 -0.816800
844 -0.824000
845 -0.816000
846 -0.802400
847 -0.799200
848 -0.804800
849 -0.813600
850 -0.812800
851 -0.815200
852 -0.818400
853 -0.837600
854 -0.843200
855 -0.829600
856 -0.826400
857 -0.845600
858 -0.843200
859 -0.858400
860 -0.864000
861 -0.851200
862 -0.850400
863 -0.824800
864 -0.816800
865 -0.800800
866 -0.797600
867 -0.795200
868 -0.800000
869 -0.786400
870 -0.768800
871 -0.771200
872 -0.807200
873 -0.791200
874 -0.780000
875 -0.789600
876 -0.808800
877 -0.794400
878 -0.788000
879 -0.790400
880 -0.813600
881 -0.810400
882 -0.783200
883 -0.774400
884 -0.797600
885 -0.800000
886 -0.788000
887 -0.780800
888 -0.786400
889 -0.781600
890 -0.795200
891 -0.802400
892 -0.798400
893 -0.802400
894 -0.816800
895 -0.820800
896 -0.793600
897 -0.781600
898 -0.788800
899 -0.794400
900 -0.789600
901 -0.768800
902 -0.766400
903 -0.776800
904 -0.763200
905 -0.756000
906 -0.759200
907 -0.769600
908 -0.747200
909 -0.747200
910 -0.752000
911 -0.744800
912 -0.740000
913 -0.748800
914 -0.747200
915 -0.735200
916 -0.741600
917 -0.740800
918 -0.718400
919 -0.716800
920 -0.734400
921 -0.727200
922 -0.739200
923 -0.748800
924 -0.745600
925 -0.738400
926 -0.761600
927 -0.757600
928 -0.773600
929 -0.745600
930 -0.741600
931 -0.718400
932 -0.713600
933 -0.724800
934 -0.747200
935 -0.770400
936 -0.795200
937 -0.797600
938 -0.793600
939 -0.785600
940 -0.780800
941 -0.776800
942 -0.755200
943 -0.752000
944 -0.728000
945 -0.748000
946 -0.752800
947 -0.770400
948 -0.793600
949 -0.805600
950 -0.807200
951 -0.820000
952 -0.828800
953 -0.815200
954 -0.827200
955 -0.824800
956 -0.833600
957 -0.836000
958 -0.839200
959 -0.814400
960 -0.820000
961 -0.817600
962 -0.808000
963 -0.806400
964 -0.784000
965 -0.808000
966 -0.818400
967 -0.785600
968 -0.796800
969 -0.776000
970 -0.764000
971 -0.765600
972 -0.768800
973 -0.752800
974 -0.773600
975 -0.795200
976 -0.790400
977 -0.781600
978 -0.789600
979 -0.788000
980 -0.793600
981 -0.813600
982 -0.812000
983 -0.789600
984 -0.784000
985 -0.758400
986 -0.770400
987 -0.768800
988 -0.752800
989 -0.752000
990 -0.755200
991 -0.786400
992 -0.758400
993 -0.748800
994 -0.775200
995 -0.795200
996 -0.786400
997 -0.793600
998 -0.790400
999 -0.808000
