0 -0.051200
1 -0.051200
2 -0.052000
3 -0.065600
4 -0.054400
5 -0.110400
6 -0.096800
7 -0.062400
8 -0.053600
9 -0.068800
10 -0.039200
11 -0.029600
12 -0.044000
13 -0.032000
14 -0.014400
15 -0.001600
16 -0.038400
17 -0.060000
18 -0.049600
19 -0.031200
20 0.000800
21 0.000000
22 -0.021600
23 0.006400
24 -0.032000
25 -0.016800
26 -0.052800
27 -0.068000
28 -0.096800
29 -0.115200
30 -0.148800
31 -0.167200
32 -0.179200
33 -0.150400
34 -0.140800
35 -0.169600
36 -0.137600
37 -0.106400
38 -0.068000
39 -0.034400
40 -0.009600
41 -0.028800
42 -0.044000
43 -0.065600
44 -0.096800
45 -0.116000
46 -0.110400
47 -0.092000
48 -0.096000
49 -0.118400
50 -0.111200
51 -0.132800
52 -0.135200
53 -0.140000
54 -0.151200
55 -0.120800
56 -0.112800
57 -0.097600
58 -0.082400
59 -0.116000
60 -0.134400
61 -0.099200
62 -0.136000
63 -0.146400
64 -0.092000
65 -0.085600
66 -0.090400
67 -0.058400
68 -0.037600
69 -0.058400
70 -0.076800
71 -0.096800
72 -0.055200
73 -0.042400
74 0.008000
75 0.011200
76 0.036800
77 0.039200
78 0.039200
79 0.040000
80 0.013600
81 0.038400
82 0.039200
83 0.016800
84 0.032000
85 0.042400
86 0.059200
87 0.084000
88 0.076800
89 0.045600
90 0.053600
91 0.071200
92 0.047200
93 0.022400
94 -0.010400
95 -0.043200
96 -0.077600
97 -0.080800
98 -0.075200
99 -0.062400
100 -0.124000
101 -0.115200
102 -0.083200
103 -0.068800
104 -0.060000
105 -0.056000
106 -0.077600
107 -0.068000
108 -0.066400
109 -0.089600
110 -0.092800
111 -0.059200
112 -0.061600
113 -0.092800
114 -0.058400
115 -0.062400
116 -0.060000
117 -0.028800
118 -0.043200
119 -0.035200
120 -0.020000
121 -0.045600
122 -0.000800
123 -0.020800
124 -0.005600
125 0.011200
126 0.014400
127 0.026400
128 0.020800
129 -0.037600
130 -0.068000
131 -0.045600
132 -0.065600
133 -0.085600
134 -0.056800
135 -0.048800
136 -0.044800
137 -0.064800
138 -0.089600
139 -0.104800
140 -0.071200
141 -0.052000
142 -0.055200
143 -0.074400
144 -0.075200
145 -0.100800
146 -0.096800
147 -0.104800
148 -0.105600
149 -0.122400
150 -0.120800
151 -0.098400
152 -0.076800
153 -0.112000
154 -0.084800
155 -0.073600
156 -0.083200
157 -0.120800
158 -0.092000
159 -0.057600
160 -0.053600
161 -0.041600
162 -0.037600
163 -0.013600
164 -0.031200
165 -0.004000
166 -0.044800
167 -0.077600
168 -0.040000
169 -0.056800
170 -0.052000
171 -0.079200
172 -0.049600
173 -0.060800
174 -0.052000
175 -0.024800
176 -0.032000
177 -0.030400
178 -0.056800
179 -0.054400
180 -0.008800
181 0.007200
182 0.027200
183 0.028800
184 0.068800
185 0.056000
186 0.047200
187 0.049600
188 0.020800
189 0.036800
190 0.035200
191 0.059200
192 0.070400
193 0.044800
194 0.038400
195 0.032800
196 -0.012800
197 -0.018400
198 -0.038400
199 -0.044000
200 -0.074400
201 -0.031200
202 -0.030400
203 -0.054400
204 -0.026400
205 -0.043200
206 -0.017600
207 -0.021600
208 0.016800
209 0.000000
210 -0.016800
211 -0.041600
212 -0.076000
213 -0.046400
214 -0.017600
215 -0.032800
216 -0.092000
217 -0.092800
218 -0.069600
219 -0.092800
220 -0.120800
221 -0.116000
222 -0.128800
223 -0.120000
224 -0.108000
225 -0.095200
226 -0.096000
227 -0.078400
228 -0.085600
229 -0.077600
230 -0.076000
231 -0.068800
232 -0.060800
233 -0.064800
234 -0.059200
235 -0.076000
236 -0.036000
237 -0.020800
238 -0.000800
239 0.044800
240 0.043200
241 0.032800
242 0.045600
243 0.060800
244 0.098400
245 0.079200
246 0.045600
247 0.000800
248 -0.005600
249 0.020000
250 0.009600
251 0.042400
252 0.077600
253 0.064800
254 0.102400
255 0.064800
256 0.043200
257 0.084000
258 0.137600
259 0.153600
260 0.154400
261 0.132000
262 0.141600
263 0.096800
264 0.057600
265 0.052000
266 0.060800
267 0.070400
268 0.045600
269 0.012800
270 -0.011200
271 -0.048000
272 -0.029600
273 -0.004800
274 -0.018400
275 0.010400
276 -0.016000
277 -0.057600
278 -0.072800
279 -0.053600
280 -0.052000
281 -0.080800
282 -0.070400
283 -0.030400
284 0.003200
285 0.028000
286 -0.001600
287 -0.002400
288 0.029600
289 0.037600
290 0.020800
291 0.001600
292 -0.026400
293 -0.064000
294 -0.045600
295 -0.076800
296 -0.118400
297 -0.073600
298 -0.102400
299 -0.123200
300 -0.129600
301 -0.105600
302 -0.139200
303 -0.087200
304 -0.088000
305 -0.073600
306 -0.083200
307 -0.040000
308 -0.079200
309 -0.057600
310 -0.076000
311 -0.075200
312 -0.098400
313 -0.036800
314 -0.020800
315 -0.008800
316 -0.008000
317 -0.000800
318 -0.022400
319 -0.008800
320 0.028000
321 0.030400
322 0.016000
323 0.001600
324 0.045600
325 0.068000
326 0.069600
327 0.121600
328 0.098400
329 0.092800
330 0.096000
331 0.077600
332 0.112800
333 0.112000
334 0.100800
335 0.112000
336 0.115200
337 0.129600
338 0.148800
339 0.154400
340 0.153600
341 0.156800
342 0.105600
343 0.092000
344 0.116800
345 0.150400
346 0.143200
347 0.130400
348 0.149600
349 0.117600
350 0.136000
351 0.159200
352 0.135200
353 0.139200
354 0.127200
355 0.136800
356 0.107200
357 0.069600
358 0.045600
359 0.054400
360 0.040000
361 0.040800
362 0.068800
363 0.073600
364 0.085600
365 0.024800
366 0.024800
367 -0.009600
368 0.002400
369 0.009600
370 0.028800
371 0.029600
372 -0.011200
373 -0.004800
374 -0.040800
375 -0.072800
376 -0.060000
377 -0.020000
378 -0.033600
379 -0.064000
380 -0.072000
381 -0.055200
382 -0.019200
383 -0.021600
384 -0.006400
385 -0.020800
386 -0.020000
387 -0.017600
388 -0.016000
389 -0.036000
390 -0.024000
391 0.003200
392 -0.004000
393 -0.019200
394 -0.052800
395 -0.076800
396 -0.107200
397 -0.077600
398 -0.080000
399 -0.076000
400 -0.085600
401 -0.067200
402 -0.072000
403 -0.036800
404 -0.040000
405 -0.043200
406 -0.014400
407 -0.009600
408 -0.017600
409 0.057600
410 0.019200
411 -0.009600
412 0.036000
413 0.018400
414 0.030400
415 0.071200
416 0.075200
417 0.046400
418 0.025600
419 0.034400
420 0.012000
421 -0.004800
422 0.069600
423 0.050400
424 0.064800
425 0.044800
426 0.050400
427 0.059200
428 0.112800
429 0.124800
430 0.110400
431 0.078400
432 0.082400
433 0.108800
434 0.102400
435 0.112000
436 0.187200
437 0.171200
438 0.112800
439 0.131200
440 0.125600
441 0.122400
442 0.099200
443 0.126400
444 0.125600
445 0.113600
446 0.139200
447 0.081600
448 0.084000
449 0.065600
450 0.049600
451 0.048000
452 0.059200
453 0.038400
454 0.040800
455 0.033600
456 -0.008800
457 -0.006400
458 -0.040800
459 -0.064000
460 -0.071200
461 -0.055200
462 -0.069600
463 -0.113600
464 -0.139200
465 -0.115200
466 -0.130400
467 -0.119200
468 -0.131200
469 -0.112000
470 -0.072000
471 -0.060800
472 -0.028800
473 0.006400
474 0.000000
475 0.007200
476 -0.009600
477 -0.079200
478 -0.094400
479 -0.069600
480 -0.049600
481 -0.053600
482 -0.056800
483 -0.045600
484 -0.067200
485 -0.041600
486 0.003200
487 -0.000800
488 0.043200
489 -0.006400
490 0.008000
491 -0.014400
492 -0.015200
493 0.006400
494 -0.020000
495 -0.020800
496 0.004000
497 -0.018400
498 -0.002400
499 0.021600
500 0.034400
501 0.037600
502 0.012000
503 0.034400
504 0.052800
505 0.075200
506 0.076000
507 0.061600
508 0.053600
509 0.005600
510 0.020800
511 -0.016000
512 -0.044800
513 -0.042400
514 -0.060000
515 -0.032000
516 -0.028000
517 -0.041600
518 -0.072000
519 -0.067200
520 -0.070400
521 -0.073600
522 -0.064800
523 -0.041600
524 -0.021600
525 -0.032800
526 -0.058400
527 -0.020800
528 -0.045600
529 -0.052800
530 -0.033600
531 -0.005600
532 0.032000
533 0.068000
534 0.084000
535 0.084000
536 0.087200
537 0.093600
538 0.094400
539 0.049600
540 0.061600
541 0.066400
542 0.068800
543 0.033600
544 0.040000
545 0.036800
546 0.010400
547 0.014400
548 0.012000
549 -0.009600
550 0.016800
551 0.050400
552 0.040000
553 0.050400
554 0.014400
555 -0.003200
556 -0.018400
557 -0.027200
558 0.002400
559 0.012000
560 0.020800
561 0.008800
562 0.000000
563 -0.019200
564 0.000800
565 -0.032800
566 -0.035200
567 -0.063200
568 -0.032800
569 -0.013600
570 -0.000800
571 -0.020800
572 0.008800
573 -0.022400
574 -0.088800
575 -0.055200
576 -0.049600
577 -0.061600
578 -0.041600
579 -0.007200
580 0.011200
581 -0.036000
582 -0.036000
583 -0.064800
584 -0.038400
585 -0.018400
586 -0.024000
587 0.014400
588 0.006400
589 0.032800
590 -0.003200
591 -0.033600
592 -0.004800
593 -0.015200
594 -0.038400
595 -0.044800
596 -0.112000
597 -0.068800
598 -0.044800
599 -0.042400
600 -0.050400
601 -0.009600
602 -0.056800
603 -0.055200
604 -0.058400
605 -0.077600
606 -0.028000
607 -0.078400
608 -0.048800
609 -0.023200
610 -0.024800
611 -0.039200
612 -0.055200
613 -0.055200
614 -0.043200
615 -0.012800
616 -0.028000
617 -0.024800
618 0.009600
619 0.004800
620 -0.018400
621 -0.006400
622 0.004000
623 -0.051200
624 -0.073600
625 -0.056800
626 -0.043200
627 -0.004800
628 -0.026400
629 -0.041600
630 -0.071200
631 -0.040000
632 -0.040800
633 -0.018400
634 -0.033600
635 -0.007200
636 -0.009600
637 -0.060800
638 -0.065600
639 -0.078400
640 -0.117600
641 -0.106400
642 -0.109600
643 -0.143200
644 -0.103200
645 -0.054400
646 -0.068000
647 -0.077600
648 -0.096000
649 -0.085600
650 -0.095200
651 -0.076000
652 -0.070400
653 -0.106400
654 -0.128000
655 -0.133600
656 -0.122400
657 -0.172800
658 -0.192800
659 -0.125600
660 -0.105600
661 -0.064800
662 -0.052800
663 -0.044000
664 -0.047200
665 -0.086400
666 -0.110400
667 -0.123200
668 -0.125600
669 -0.098400
670 -0.124800
671 -0.105600
672 -0.083200
673 -0.112800
674 -0.117600
675 -0.160000
676 -0.149600
677 -0.102400
678 -0.165600
679 -0.168000
680 -0.204800
681 -0.162400
682 -0.172000
683 -0.198400
684 -0.188000
685 -0.167200
686 -0.138400
687 -0.114400
688 -0.116800
689 -0.088800
690 -0.040000
691 -0.022400
692 -0.051200
693 -0.059200
694 -0.051200
695 -0.020800
696 -0.036800
697 -0.024800
698 -0.061600
699 -0.068000
700 -0.037600
701 -0.037600
702 -0.052000
703 -0.009600
704 0.012000
705 0.037600
706 0.070400
707 0.036000
708 0.011200
709 -0.021600
710 -0.040800
711 -0.050400
712 -0.059200
713 -0.031200
714 -0.036000
715 -0.033600
716 -0.050400
717 -0.040800
718 -0.029600
719 -0.052800
720 -0.053600
721 -0.035200
722 0.003200
723 -0.027200
724 0.000000
725 0.016000
726 0.012800
727 0.041600
728 0.048000
729 0.055200
730 0.067200
731 0.071200
732 0.082400
733 0.085600
734 0.100800
735 0.056000
736 0.026400
737 0.038400
738 0.011200
739 0.020000
740 0.067200
741 0.056000
742 0.062400
743 0.092000
744 0.130400
745 0.128000
746 0.114400
747 0.116800
748 0.138400
749 0.136000
750 0.106400
751 0.096000
752 0.144000
753 0.115200
754 0.131200
755 0.116800
756 0.106400
757 0.068000
758 0.027200
759 -0.004800
760 -0.003200
761 -0.019200
762 -0.034400
763 -0.003200
764 -0.057600
765 -0.095200
766 -0.077600
767 -0.048800
768 -0.036000
769 -0.025600
770 0.023200
771 0.044800
772 0.056800
773 0.036000
774 0.080000
775 0.076000
776 0.084800
777 0.104000
778 0.089600
779 0.037600
780 0.043200
781 0.020800
782 -0.011200
783 -0.008800
784 0.006400
785 -0.044800
786 -0.052800
787 -0.081600
788 -0.071200
789 -0.082400
790 -0.105600
791 -0.076800
792 -0.077600
793 -0.081600
794 -0.099200
795 -0.092800
796 -0.030400
797 0.011200
798 -0.004000
799 0.008000
800 -0.011200
801 -0.028000
802 -0.011200
803 -0.019200
804 -0.006400
805 0.016800
806 -0.007200
807 0.010400
808 -0.032000
809 -0.041600
810 -0.054400
811 -0.038400
812 -0.051200
813 0.042400
814 0.065600
815 0.087200
816 0.070400
817 0.067200
818 0.056800
819 0.064000
820 0.082400
821 0.032000
822 0.039200
823 -0.004000
824 0.008000
825 -0.003200
826 0.028800
827 -0.008800
828 -0.047200
829 -0.052800
830 -0.008800
831 -0.004800
832 -0.022400
833 -0.017600
834 -0.033600
835 -0.003200
836 -0.028800
837 -0.018400
838 -0.009600
839 -0.032000
840 -0.054400
841 -0.010400
842 -0.014400
843 -0.004000
844 -0.024800
845 -0.036800
846 -0.024800
847 -0.023200
848 0.012800
849 -0.000800
850 0.012000
851 -0.011200
852 -0.030400
853 -0.060800
854 -0.036800
855 -0.019200
856 -0.033600
857 -0.045600
858 -0.048800
859 -0.061600
860 -0.020000
861 -0.048000
862 -0.071200
863 -0.066400
864 -0.032800
865 -0.033600
866 -0.024000
867 -0.047200
868 -0.043200
869 -0.044000
870 -0.044800
871 -0.004800
872 -0.028800
873 -0.016800
874 -0.069600
875 -0.060000
876 -0.017600
877 -0.042400
878 -0.036000
879 -0.018400
880 -0.022400
881 -0.042400
882 -0.035200
883 -0.038400
884 -0.036800
885 -0.062400
886 -0.081600
887 -0.096000
888 -0.127200
889 -0.149600
890 -0.162400
891 -0.144800
892 -0.137600
893 -0.137600
894 -0.160800
895 -0.156800
896 -0.149600
897 -0.108800
898 -0.082400
899 -0.088800
900 -0.120800
901 -0.167200
902 -0.127200
903 -0.177600
904 -0.162400
905 -0.128000
906 -0.131200
907 -0.123200
908 -0.091200
909 -0.089600
910 -0.053600
911 -0.069600
912 -0.057600
913 -0.064800
914 -0.072000
915 -0.083200
916 -0.059200
917 -0.061600
918 -0.070400
919 -0.077600
920 -0.063200
921 -0.104800
922 -0.096000
923 -0.076800
924 -0.052800
925 -0.045600
926 -0.027200
927 -0.044800
928 -0.055200
929 -0.012800
930 -0.023200
931 0.011200
932 0.001600
933 0.034400
934 0.052000
935 -0.021600
936 -0.014400
937 -0.036800
938 -0.004800
939 -0.016800
940 -0.052800
941 -0.038400
942 -0.049600
943 -0.062400
944 -0.042400
945 -0.052000
946 -0.056000
947 -0.040000
948 -0.046400
949 -0.040800
950 -0.041600
951 -0.043200
952 -0.020800
953 -0.008000
954 -0.019200
955 -0.033600
956 -0.053600
957 -0.064800
958 -0.036800
959 -0.008000
960 0.028800
961 0.033600
962 0.012000
963 0.001600
964 0.002400
965 -0.016800
966 -0.008800
967 -0.020800
968 -0.004800
969 0.002400
970 -0.026400
971 -0.035200
972 -0.024000
973 -0.004000
974 -0.001600
975 0.005600
976 0.019200
977 0.024800
978 0.020800
979 0.012800
980 0.042400
981 0.043200
982 0.071200
983 0.081600
984 0.086400
985 0.083200
986 0.111200
987 0.072000
988 0.060000
989 0.085600
990 0.104800
991 0.087200
992 0.103200
993 0.125600
994 0.120800
995 0.069600
996 0.048000
997 0.028000
998 0.054400
999 0.048800
