0.340000 4.632836 0.098800
0.341000 4.899788 0.090704
0.342000 4.926603 0.102098
0.343000 4.814134 0.079103
0.344000 4.914360 0.110749
0.345000 5.022513 0.115470
0.346000 5.209612 0.088730
0.347000 5.216741 0.091237
0.348000 5.474329 0.128376
0.349000 5.397385 0.139488
0.350000 5.701124 0.105923
0.351000 5.668536 0.089971
0.352000 6.063234 0.120810
0.353000 5.929168 0.108844
0.354000 5.839065 0.113993
0.355000 6.065630 0.113142
0.356000 6.219393 0.119420
0.357000 6.217275 0.095560
0.358000 6.476047 0.119301
0.359000 6.744756 0.121234
0.360000 6.930998 0.127309
0.361000 6.832714 0.109929
0.362000 6.985771 0.115430
0.363000 7.317493 0.128831
0.364000 7.283500 0.122461
0.365000 7.511446 0.137259
0.366000 7.704771 0.133144
0.367000 7.979836 0.159542
0.368000 7.982791 0.133224
0.369000 8.698469 0.158503
0.370000 8.493973 0.153996
0.371000 8.812530 0.148800
0.372000 9.166148 0.160201
0.373000 9.166588 0.169560
0.374000 9.154446 0.169541
0.375000 9.732089 0.178917
0.376000 9.620354 0.176488
0.377000 10.381662 0.193907
0.378000 10.485929 0.186365
0.379000 10.748765 0.183315
0.380000 10.849934 0.172094
0.381000 11.231777 0.242559
0.382000 11.610655 0.184665
0.383000 12.021065 0.246747
0.384000 12.156962 0.230794
0.385000 12.592506 0.196145
0.386000 13.408526 0.224823
0.387000 13.501487 0.245733
0.388000 13.947927 0.216345
0.389000 14.131838 0.225261
0.390000 14.680699 0.234685
0.391000 15.338219 0.263470
0.392000 15.515874 0.297492
0.393000 16.836429 0.318786
0.394000 16.888747 0.289211
0.395000 17.102839 0.280899
0.396000 17.959432 0.292543
0.397000 18.482673 0.335568
0.398000 19.882578 0.324581
0.399000 19.905425 0.298347
0.400000 21.212312 0.335786
0.400500 22.145385 0.341806
0.401000 22.119287 0.333328
0.401500 22.429345 0.438535
0.402000 22.374692 0.393245
0.402500 22.593072 0.397967
0.403000 23.580749 0.332235
0.403500 23.958837 0.365244
0.404000 24.662365 0.381607
0.404500 25.115314 0.419351
0.405000 25.721315 0.400126
0.405500 26.049152 0.434459
0.406000 26.535207 0.386305
0.406500 27.572755 0.441743
0.407000 27.444927 0.436969
0.407500 28.687054 0.507975
0.408000 29.963172 0.460142
0.408500 29.423749 0.480186
0.409000 29.571812 0.457948
0.409500 30.271230 0.459105
0.410000 31.310899 0.426022
0.410500 31.713885 0.506146
0.411000 32.556244 0.527436
0.411500 33.934620 0.494133
0.412000 34.379077 0.510701
0.412500 34.756431 0.518667
0.413000 35.454353 0.530729
0.413500 36.481120 0.512725
0.414000 36.550776 0.552920
0.414500 37.649783 0.648014
0.415000 38.427848 0.601056
0.415500 39.819249 0.499353
0.416000 40.258381 0.577649
0.416500 40.654001 0.510913
0.417000 41.490645 0.618743
0.417500 43.209544 0.477424
0.418000 43.540718 0.603866
0.418500 43.934289 0.599139
0.419000 44.154143 0.646025
0.419500 45.480225 0.525399
0.420000 46.971254 0.563394
0.420500 48.093682 0.533290
0.421000 48.189219 0.608277
0.421500 48.554558 0.586246
0.422000 50.234919 0.531194
0.422500 50.285269 0.580546
0.423000 51.753164 0.524490
0.423500 50.627895 0.625738
0.424000 52.372458 0.644345
0.424500 53.037617 0.643701
0.425000 54.206929 0.683087
0.425500 54.989277 0.607394
0.426000 55.416634 0.667081
0.426500 55.627181 0.707271
0.427000 55.673597 0.717314
0.427500 56.722012 0.809238
0.428000 54.387296 0.796116
0.428500 54.066972 0.830769
0.429000 56.006373 0.783759
0.429500 58.182907 0.879707
0.430000 56.323663 0.850318
0.430500 55.522505 0.988906
0.431000 55.770055 1.116757
0.431500 57.478683 0.939476
0.432000 53.208592 1.105764
0.432500 54.334861 1.154619
0.433000 52.641891 1.308079
0.433500 52.146324 1.472812
0.434000 50.559541 1.340212
0.434500 49.991854 1.163170
0.435000 51.749009 1.484522
0.435500 47.687803 1.347195
0.436000 50.110421 1.395028
0.436500 47.413608 1.430114
0.437000 46.133473 1.781736
0.437500 49.007429 1.511648
0.438000 43.277391 1.608254
0.438500 42.876924 1.907810
0.439000 39.069217 1.400653
0.439500 43.366162 1.447915
0.440000 39.642867 1.551979
0.440500 37.508857 1.562783
0.441000 33.259083 1.601899
0.441500 35.927024 1.603948
0.442000 34.977156 1.872367
0.442500 33.121260 1.776166
0.443000 31.459422 1.641470
0.443500 29.525618 1.311428
0.444000 28.560275 1.480723
0.444500 27.239013 1.518335
0.445000 29.623215 1.908597
0.445500 25.303594 1.472970
0.446000 23.121313 1.315261
0.446500 22.980865 1.788773
0.447000 21.728804 1.369934
0.447500 19.520902 1.154399
0.448000 17.819365 1.416500
0.448500 18.438494 1.247797
0.449000 18.492413 1.433419
0.449500 15.134322 1.206901
0.450000 16.029993 1.282273
0.451000 17.021388 1.406649
0.452000 14.615454 1.237375
0.453000 9.962941 0.740666
0.454000 12.211752 1.523688
0.455000 8.240672 0.481524
0.456000 8.258521 0.677311
0.457000 8.111291 0.638447
0.458000 7.432177 0.575780
0.459000 6.104097 0.502112
0.460000 5.687592 0.347819
0.461000 5.944713 0.542984
0.462000 4.566721 0.261357
0.463000 5.539925 0.716996
0.464000 4.042775 0.213904
0.465000 3.913826 0.180094
0.466000 4.073959 0.378344
0.467000 3.076535 0.085871
0.468000 3.394790 0.212886
0.469000 2.844356 0.125699
0.470000 2.677500 0.131682
0.471000 2.547592 0.092609
0.472000 2.611478 0.123107
0.473000 2.365329 0.084145
0.474000 2.395384 0.121514
0.475000 2.303599 0.244549
0.476000 2.000728 0.070683
0.477000 1.884442 0.059979
0.478000 1.849682 0.062282
0.479000 1.645128 0.048429
0.480000 1.726162 0.069495
