0.340000 4.800830 0.083835
0.341000 4.638663 0.090060
0.342000 4.897371 0.105868
0.343000 4.917982 0.087580
0.344000 4.958059 0.088914
0.345000 4.996426 0.080326
0.346000 5.050110 0.091874
0.347000 5.310998 0.090905
0.348000 5.275539 0.093840
0.349000 5.495260 0.106798
0.350000 5.638271 0.093806
0.351000 5.706464 0.097507
0.352000 5.664684 0.102816
0.353000 6.004932 0.101926
0.354000 5.924082 0.122329
0.355000 6.025346 0.115261
0.356000 6.455897 0.111868
0.357000 6.421053 0.109805
0.358000 6.688526 0.120784
0.359000 6.771762 0.125536
0.360000 6.769496 0.118372
0.361000 7.018082 0.129365
0.362000 7.020672 0.130643
0.363000 7.279935 0.121582
0.364000 7.292205 0.130818
0.365000 7.735851 0.140984
0.366000 7.747319 0.129395
0.367000 8.006009 0.137583
0.368000 8.201644 0.159492
0.369000 8.317350 0.135944
0.370000 8.600170 0.153480
0.371000 8.855065 0.161693
0.372000 9.061515 0.133724
0.373000 9.243984 0.160092
0.374000 9.292766 0.160576
0.375000 9.635015 0.178618
0.376000 9.822987 0.195719
0.377000 9.862678 0.162976
0.378000 10.410065 0.177772
0.379000 10.706888 0.193957
0.380000 10.938608 0.201804
0.381000 11.376001 0.203657
0.382000 11.714228 0.209372
0.383000 11.917483 0.207517
0.384000 12.057773 0.205499
0.385000 12.723890 0.217800
0.386000 13.264738 0.217993
0.387000 13.108887 0.224446
0.388000 14.199175 0.275445
0.389000 14.626037 0.269447
0.390000 14.582261 0.239795
0.391000 15.784452 0.300670
0.392000 16.349186 0.311414
0.393000 16.495239 0.268477
0.394000 17.655782 0.289804
0.395000 17.710657 0.315846
0.396000 18.315645 0.284898
0.397000 19.257120 0.321212
0.398000 19.899681 0.299786
0.399000 20.933209 0.400702
0.400000 20.812666 0.305087
0.400500 21.960796 0.380356
0.401000 21.728390 0.414718
0.401500 22.665901 0.396282
0.402000 23.512969 0.405146
0.402500 24.669782 0.465855
0.403000 24.036782 0.435122
0.403500 24.835854 0.433636
0.404000 25.437330 0.441937
0.404500 26.464513 0.458657
0.405000 26.126065 0.422002
0.405500 27.154936 0.446939
0.406000 26.954883 0.518324
0.406500 27.921278 0.443436
0.407000 29.318690 0.474676
0.407500 29.346189 0.482904
0.408000 30.406018 0.520400
0.408500 30.297417 0.552038
0.409000 32.001656 0.476438
0.409500 32.361310 0.500781
0.410000 32.837526 0.509322
0.410500 33.575612 0.610508
0.411000 34.691062 0.575670
0.411500 34.751694 0.570185
0.412000 36.040339 0.635145
0.412500 37.312723 0.708195
0.413000 37.882200 0.582944
0.413500 38.625440 0.592035
0.414000 40.051148 0.695970
0.414500 39.972123 0.712828
0.415000 41.716932 0.597287
0.415500 42.813443 0.677622
0.416000 44.242598 0.680185
0.416500 45.164257 0.681090
0.417000 46.106139 0.739563
0.417500 46.708312 0.778796
0.418000 47.184892 0.695597
0.418500 48.807145 0.743217
0.419000 50.648325 0.918425
0.419500 51.819555 0.684829
0.420000 52.656487 0.705042
0.420500 54.602408 0.702931
0.421000 55.402646 0.761754
0.421500 57.305704 0.873906
0.422000 58.258037 0.848339
0.422500 59.316839 0.769027
0.423000 58.031597 0.860942
0.423500 61.805358 0.744372
0.424000 61.981362 1.074377
0.424500 63.247640 0.803805
0.425000 63.603677 0.736136
0.425500 66.072669 0.803109
0.426000 65.596223 0.769712
0.426500 68.854411 0.938817
0.427000 67.765408 0.925634
0.427500 68.687941 0.950221
0.428000 71.283390 0.830237
0.428500 70.928590 0.898965
0.429000 72.215314 0.993186
0.429500 70.180064 1.091140
0.430000 70.550649 1.057852
0.430500 71.852746 1.186748
0.431000 72.036681 1.200066
0.431500 68.152889 1.403831
0.432000 71.788286 1.485846
0.432500 69.068265 1.576342
0.433000 69.818389 1.491085
0.433500 69.811707 1.772727
0.434000 68.149004 1.597192
0.434500 64.930882 1.410957
0.435000 66.670378 1.500403
0.435500 67.510219 1.939935
0.436000 63.012077 1.643702
0.436500 63.338309 1.968299
0.437000 57.707483 2.418498
0.437500 56.312813 1.953230
0.438000 52.561225 2.180871
0.438500 50.396617 3.218383
0.439000 50.646159 2.565718
0.439500 53.300962 2.094269
0.440000 45.807620 1.996960
0.440500 53.985260 2.527678
0.441000 40.440733 2.164410
0.441500 41.133355 2.495374
0.442000 35.136217 2.167497
0.442500 38.855488 2.118773
0.443000 43.740200 2.426524
0.443500 33.793038 1.790199
0.444000 34.508425 2.147627
0.444500 28.578624 2.891864
0.445000 29.526929 2.135088
0.445500 26.471298 1.559659
0.446000 27.777719 1.795346
0.446500 27.277481 2.417382
0.447000 23.906850 1.491969
0.447500 23.072620 1.582326
0.448000 21.580915 1.460899
0.448500 18.181336 1.138856
0.449000 17.852283 1.739912
0.449500 17.747610 1.905941
0.450000 18.789789 1.708352
0.451000 14.662405 1.469512
0.452000 12.809315 1.279841
0.453000 12.865038 1.583987
0.454000 9.346952 0.513046
0.455000 7.911010 0.384480
0.456000 8.920753 0.724331
0.457000 8.263220 0.588216
0.458000 7.654199 0.519448
0.459000 6.659518 0.348589
0.460000 6.209188 0.844609
0.461000 5.892174 0.611395
0.462000 5.124613 0.291242
0.463000 5.213486 0.753563
0.464000 4.528936 0.256170
0.465000 3.641710 0.152783
0.466000 3.689854 0.219214
0.467000 3.779884 0.215999
0.468000 3.135385 0.127339
0.469000 3.041467 0.147746
0.470000 3.025179 0.191952
0.471000 2.670216 0.084500
0.472000 2.345153 0.075463
0.473000 2.306014 0.061460
0.474000 2.192502 0.091442
0.475000 2.056720 0.066105
0.476000 2.096341 0.103548
0.477000 1.962255 0.121098
0.478000 1.915993 0.067328
0.479000 1.744429 0.084506
0.480000 1.649587 0.036102
