0.340000 4.639444 0.087356
0.341000 4.735398 0.079195
0.342000 4.834262 0.090073
0.343000 4.884988 0.086906
0.344000 5.099698 0.087907
0.345000 5.212430 0.096358
0.346000 5.126488 0.087320
0.347000 5.219997 0.091128
0.348000 5.423465 0.087832
0.349000 5.379564 0.124224
0.350000 5.682214 0.101633
0.351000 5.787434 0.108794
0.352000 5.537585 0.101917
0.353000 5.902651 0.107634
0.354000 5.881455 0.117330
0.355000 6.094299 0.119743
0.356000 6.368763 0.111758
0.357000 6.641023 0.126306
0.358000 6.467527 0.130276
0.359000 6.734981 0.124474
0.360000 7.080555 0.125906
0.361000 6.995861 0.115432
0.362000 7.197542 0.146604
0.363000 7.372460 0.141130
0.364000 7.755161 0.196369
0.365000 7.531577 0.146652
0.366000 7.800308 0.140314
0.367000 7.968858 0.181021
0.368000 8.266520 0.155315
0.369000 8.487207 0.142356
0.370000 8.542694 0.152840
0.371000 8.719899 0.153413
0.372000 8.916939 0.178354
0.373000 9.396562 0.174408
0.374000 9.546038 0.179148
0.375000 9.885398 0.159299
0.376000 9.834270 0.175930
0.377000 10.202709 0.194188
0.378000 10.371187 0.180814
0.379000 10.813144 0.177194
0.380000 11.209241 0.217509
0.381000 11.395213 0.188284
0.382000 11.849163 0.211434
0.383000 12.390316 0.203408
0.384000 12.420020 0.222259
0.385000 12.712821 0.229331
0.386000 13.380164 0.216853
0.387000 13.704384 0.247428
0.388000 14.097459 0.231999
0.389000 14.150988 0.246951
0.390000 15.619412 0.260468
0.391000 15.201472 0.246278
0.392000 15.637722 0.270632
0.393000 16.794206 0.285996
0.394000 16.913444 0.295140
0.395000 17.973187 0.294533
0.396000 18.738866 0.349834
0.397000 19.684761 0.439532
0.398000 20.026805 0.359049
0.399000 20.974525 0.390479
0.400000 22.085751 0.442339
0.400500 23.124855 0.417544
0.401000 22.533143 0.394285
0.401500 22.909657 0.428322
0.402000 23.900934 0.420064
0.402500 23.855845 0.414095
0.403000 24.646948 0.408684
0.403500 24.153419 0.372463
0.404000 26.246305 0.461060
0.404500 26.062213 0.445628
0.405000 26.479666 0.494286
0.405500 27.882297 0.688351
0.406000 28.212741 0.470547
0.406500 28.609636 0.581397
0.407000 29.602807 0.494631
0.407500 30.506237 0.510165
0.408000 30.831387 0.579624
0.408500 32.681026 0.604397
0.409000 32.055559 0.560310
0.409500 33.012315 0.558690
0.410000 33.631813 0.571716
0.410500 34.103002 0.641247
0.411000 36.665519 0.698369
0.411500 36.755962 0.643197
0.412000 37.281932 0.845758
0.412500 37.698139 0.607394
0.413000 39.893751 0.749425
0.413500 40.923961 0.808680
0.414000 41.165095 1.005505
0.414500 42.321171 0.716861
0.415000 44.217424 0.772890
0.415500 45.436200 0.930895
0.416000 47.007366 0.901355
0.416500 46.706130 0.860167
0.417000 50.910121 0.959311
0.417500 49.417401 1.006105
0.418000 53.053433 0.837835
0.418500 52.699685 1.061368
0.419000 55.319969 0.925489
0.419500 55.844323 0.898015
0.420000 57.475099 1.019207
0.420500 59.796886 0.936883
0.421000 60.061000 0.835161
0.421500 62.201752 0.893148
0.422000 63.375130 1.252943
0.422500 64.613349 1.111719
0.423000 68.316390 1.302008
0.423500 69.307320 0.961542
0.424000 70.868152 1.065223
0.424500 70.796887 1.024148
0.425000 73.213578 1.105422
0.425500 76.870327 0.995725
0.426000 75.606540 1.108352
0.426500 81.188157 0.942744
0.427000 80.728238 0.893464
0.427500 80.511489 0.980884
0.428000 82.603608 1.417314
0.428500 81.113158 1.283072
0.429000 87.548562 1.337168
0.429500 84.842422 1.410096
0.430000 86.627627 1.159964
0.430500 88.187792 1.474756
0.431000 90.521023 1.729730
0.431500 89.006635 1.332055
0.432000 83.918274 1.696916
0.432500 90.344042 1.759384
0.433000 88.943895 2.436478
0.433500 88.399196 2.071724
0.434000 82.843938 2.092812
0.434500 80.740305 2.232569
0.435000 80.396065 2.667691
0.435500 80.334013 2.314420
0.436000 76.688104 2.338343
0.436500 84.334123 2.364943
0.437000 70.685650 2.494877
0.437500 73.681576 2.824854
0.438000 70.973238 3.101593
0.438500 59.272430 3.088114
0.439000 70.985387 3.743689
0.439500 68.071764 3.031488
0.440000 63.958394 3.058811
0.440500 57.884109 2.909651
0.441000 57.047182 2.760205
0.441500 49.545169 4.459604
0.442000 50.740958 3.476374
0.442500 53.936495 3.926893
0.443000 39.234871 2.798355
0.443500 47.493661 3.650031
0.444000 38.790711 3.847036
0.444500 41.237429 2.228282
0.445000 40.439815 3.309091
0.445500 35.214309 3.176242
0.446000 38.854326 3.535091
0.446500 32.360826 2.493528
0.447000 29.817584 2.402361
0.447500 20.241144 1.595809
0.448000 28.514365 3.028845
0.448500 14.942485 1.029325
0.449000 14.460543 0.905234
0.449500 17.312287 1.478419
0.450000 20.959061 2.189335
0.451000 16.574766 2.556738
0.452000 11.436030 0.485255
0.453000 11.805504 0.915378
0.454000 13.776675 1.604120
0.455000 7.831664 0.342887
0.456000 8.464702 0.466603
0.457000 7.199561 0.374486
0.458000 6.916512 0.431602
0.459000 6.529306 0.569752
0.460000 5.471058 0.238879
0.461000 5.073155 0.156663
0.462000 4.446179 0.145461
0.463000 4.582691 0.169103
0.464000 4.237811 0.193156
0.465000 4.568802 0.219895
0.466000 4.069253 0.241627
0.467000 3.555105 0.144764
0.468000 4.019097 0.441388
0.469000 3.189494 0.200406
0.470000 3.037328 0.125179
0.471000 2.805868 0.088540
0.472000 2.532705 0.076194
0.473000 2.194102 0.053478
0.474000 2.100695 0.056709
0.475000 2.083095 0.072047
0.476000 1.839046 0.043202
0.477000 1.851174 0.046009
0.478000 1.836832 0.043772
0.479000 1.680682 0.040192
0.480000 1.620754 0.041727
