0.340000 4.634846 0.078526
0.341000 4.651611 0.083350
0.342000 4.821600 0.084357
0.343000 4.840255 0.120008
0.344000 4.940957 0.081849
0.345000 5.075348 0.105328
0.346000 5.232478 0.096707
0.347000 5.251543 0.081463
0.348000 5.382021 0.109396
0.349000 5.480520 0.090487
0.350000 5.409066 0.101629
0.351000 5.561341 0.102790
0.352000 5.624680 0.088817
0.353000 5.877382 0.093626
0.354000 5.888355 0.087925
0.355000 6.174046 0.137965
0.356000 6.147367 0.110185
0.357000 6.225009 0.107179
0.358000 6.369505 0.103720
0.359000 6.604840 0.114376
0.360000 6.660800 0.111411
0.361000 6.880407 0.112368
0.362000 6.884059 0.123394
0.363000 7.327793 0.107569
0.364000 7.159122 0.118883
0.365000 7.374009 0.112920
0.366000 7.505121 0.132285
0.367000 7.591885 0.124126
0.368000 8.009537 0.128881
0.369000 8.227970 0.130514
0.370000 8.706433 0.139707
0.371000 8.592431 0.130563
0.372000 8.563290 0.133484
0.373000 8.971856 0.145230
0.374000 9.174268 0.152089
0.375000 9.271720 0.149429
0.376000 9.561713 0.153553
0.377000 9.905614 0.161131
0.378000 10.052528 0.167031
0.379000 10.060194 0.162119
0.380000 10.631104 0.170441
0.381000 10.924917 0.177096
0.382000 11.109871 0.151419
0.383000 11.402758 0.176628
0.384000 11.593343 0.186609
0.385000 12.391766 0.222202
0.386000 12.580501 0.200894
0.387000 12.728474 0.197349
0.388000 13.366206 0.200560
0.389000 13.489544 0.204507
0.390000 13.797882 0.206285
0.391000 14.123536 0.220828
0.392000 14.426344 0.241162
0.393000 15.504534 0.221646
0.394000 15.884242 0.288252
0.395000 15.958923 0.221392
0.396000 16.466698 0.233486
0.397000 17.360835 0.274284
0.398000 17.470589 0.282193
0.399000 17.898514 0.247131
0.400000 18.935430 0.266689
0.400500 19.475658 0.245160
0.401000 19.029404 0.238950
0.401500 19.311916 0.261127
0.402000 19.902482 0.254928
0.402500 20.225469 0.252294
0.403000 21.008027 0.268635
0.403500 20.651530 0.276680
0.404000 21.218728 0.261645
0.404500 21.454673 0.267333
0.405000 21.830583 0.232335
0.405500 22.122532 0.253997
0.406000 22.277315 0.332919
0.406500 22.496796 0.294456
0.407000 23.126934 0.342847
0.407500 23.770964 0.257703
0.408000 23.315249 0.337138
0.408500 24.052410 0.300979
0.409000 24.297908 0.268976
0.409500 24.634940 0.275147
0.410000 25.135298 0.291990
0.410500 25.600764 0.320476
0.411000 25.374855 0.279475
0.411500 25.996786 0.414920
0.412000 26.327783 0.260919
0.412500 26.488545 0.297588
0.413000 27.219411 0.291768
0.413500 27.933914 0.292881
0.414000 27.570094 0.289707
0.414500 28.019113 0.300558
0.415000 28.265284 0.312914
0.415500 28.352018 0.312881
0.416000 28.876511 0.315106
0.416500 29.229770 0.323984
0.417000 29.813268 0.345583
0.417500 29.749200 0.312443
0.418000 29.397539 0.356008
0.418500 29.991312 0.311271
0.419000 30.852921 0.324327
0.419500 31.271193 0.339715
0.420000 30.432557 0.389471
0.420500 30.921940 0.357881
0.421000 31.601143 0.330195
0.421500 32.179339 0.345112
0.422000 30.950678 0.383476
0.422500 31.193508 0.362749
0.423000 31.789318 0.368211
0.423500 32.273113 0.392762
0.424000 31.904061 0.406662
0.424500 31.379227 0.441273
0.425000 31.013119 0.413554
0.425500 31.422933 0.404162
0.426000 31.635770 0.414592
0.426500 31.510741 0.413736
0.427000 31.182682 0.446399
0.427500 31.076884 0.438965
0.428000 29.969910 0.487084
0.428500 29.952076 0.477255
0.429000 31.009825 0.461568
0.429500 30.080876 0.502567
0.430000 29.437019 0.573415
0.430500 29.824502 0.554951
0.431000 29.206536 0.513204
0.431500 28.193591 0.498607
0.432000 29.073369 0.651725
0.432500 28.321779 0.679879
0.433000 28.378074 0.528328
0.433500 27.545926 0.641421
0.434000 27.716793 0.618246
0.434500 26.897776 0.603152
0.435000 26.222421 0.641644
0.435500 26.969085 0.604049
0.436000 25.141219 0.639438
0.436500 24.838670 0.697305
0.437000 24.576767 0.607438
0.437500 24.429547 0.565336
0.438000 23.777846 0.611686
0.438500 21.409855 0.617092
0.439000 21.566257 0.603732
0.439500 21.987673 0.683994
0.440000 21.531861 0.648557
0.440500 19.886323 0.792645
0.441000 20.043344 0.762826
0.441500 19.278566 0.626162
0.442000 19.048282 0.642825
0.442500 18.662954 0.733325
0.443000 17.755454 0.734362
0.443500 17.608045 0.739408
0.444000 16.470129 0.617203
0.444500 16.697595 0.689389
0.445000 15.640503 0.606727
0.445500 14.884002 0.584347
0.446000 14.957954 0.629339
0.446500 14.230001 0.578685
0.447000 13.800525 0.687547
0.447500 13.272593 0.620576
0.448000 12.959856 0.592748
0.448500 13.101468 0.569485
0.449000 12.148299 0.476584
0.449500 11.539691 0.485542
0.450000 11.184322 0.567232
0.451000 11.088132 0.588853
0.452000 9.625688 0.504417
0.453000 9.652061 0.596765
0.454000 8.871893 0.469498
0.455000 8.331223 0.505247
0.456000 7.311066 0.387610
0.457000 6.923211 0.482509
0.458000 6.289573 0.430735
0.459000 5.978225 0.362495
0.460000 5.480990 0.317848
0.461000 4.743578 0.217182
0.462000 4.513270 0.218852
0.463000 4.642534 0.275315
0.464000 4.073591 0.246172
0.465000 4.140996 0.282079
0.466000 3.809638 0.291252
0.467000 3.301295 0.225823
0.468000 3.294064 0.290962
0.469000 2.827232 0.167842
0.470000 2.974353 0.268899
0.471000 2.768507 0.164366
0.472000 2.664151 0.161326
0.473000 2.251929 0.107343
0.474000 2.170571 0.099208
0.475000 2.145486 0.119388
0.476000 2.027811 0.093461
0.477000 1.811868 0.072889
0.478000 1.813687 0.088073
0.479000 1.757263 0.116019
0.480000 1.617726 0.077470
