0.350000 5.649217 0.056691
0.360000 6.844490 0.068966
0.370000 8.707431 0.083129
0.380000 11.348214 0.125164
0.390000 15.330771 0.167187
0.400000 22.369934 0.280691
0.401000 22.895831 0.254631
0.402000 24.032057 0.267200
0.403000 24.811041 0.357653
0.404000 26.115456 0.312810
0.405000 27.913284 0.288504
0.406000 29.266461 0.377198
0.407000 30.572383 0.375992
0.408000 32.715100 0.400124
0.409000 33.900537 0.403311
0.410000 35.414032 0.390714
0.411000 37.136003 0.461632
0.412000 39.922355 0.493344
0.413000 42.303775 0.513346
0.414000 45.378597 0.551586
0.415000 47.238521 0.654245
0.416000 49.956729 0.749047
0.417000 53.335421 0.650096
0.418000 59.728269 0.833082
0.419000 62.601918 0.794616
0.420000 67.231224 0.973234
0.421000 69.881156 0.864774
0.422000 77.815067 1.011149
0.423000 80.126910 1.204691
0.424000 86.783447 1.053101
0.425000 93.442998 1.085340
0.426000 101.067092 1.346497
0.427000 106.834328 1.176641
0.428000 116.744184 1.231511
0.429000 121.565525 1.479342
0.430000 125.396675 0.774436
0.430500 134.326997 0.923335
0.431000 132.038338 0.929415
0.431500 141.269338 0.928224
0.432000 136.375129 1.048676
0.432500 145.986001 0.982175
0.433000 141.897677 1.142819
0.433500 136.978337 1.197939
0.434000 147.224362 1.240730
0.434500 147.486155 1.823745
0.435000 139.485815 2.024009
0.435500 142.835414 1.435386
0.436000 150.782863 2.138182
0.436500 142.817439 1.663275
0.437000 123.362698 2.243989
0.437500 137.550131 1.970271
0.438000 135.632808 2.418259
0.438500 109.462760 2.086150
0.439000 147.824543 2.965848
0.439500 123.245357 2.726210
0.440000 101.171599 2.494619
0.440500 117.068701 3.793108
0.441000 100.466494 2.674467
0.441500 91.500361 3.087931
0.442000 73.734136 2.692326
0.442500 81.950650 2.692197
0.443000 71.534144 2.762907
0.443500 54.121353 2.409625
0.444000 52.879638 1.942426
0.444500 60.079564 1.897256
0.445000 45.566380 1.402566
0.445500 30.951065 0.619979
0.446000 34.770478 1.143340
0.446500 51.469401 3.074330
0.447000 25.203256 0.591479
0.447500 23.534522 0.793088
0.448000 23.135244 0.693707
0.448500 33.770087 2.500317
0.449000 21.866666 0.569091
0.449500 28.574459 1.741642
0.450000 25.182866 2.140358
0.450500 22.641573 0.809858
0.460000 7.222316 0.351491
0.470000 2.604001 0.039120
0.480000 1.607331 0.021729
0.400500 22.704478 0.248578
0.401500 23.365801 0.272008
0.402500 24.234208 0.291653
0.403500 25.673080 0.330612
0.404500 27.018919 0.320806
0.405500 28.434827 0.328535
0.406500 29.251406 0.315203
0.407500 31.039565 0.469692
0.408500 32.908296 0.432505
0.409500 34.830267 0.534804
0.410500 36.403245 0.519586
0.411500 38.539973 0.536353
0.412500 41.341537 0.525900
0.413500 42.548431 0.580671
0.414500 46.461763 0.577267
0.415500 49.221378 0.860852
0.416500 52.405871 0.742974
0.417500 55.594188 0.859774
0.418500 59.826870 0.822638
0.419500 63.897373 0.771618
0.420500 67.319446 0.851083
0.421500 71.522593 1.006171
0.422500 78.511314 1.067285
0.423500 85.861093 1.030088
0.424500 89.712364 1.058877
0.425500 98.005832 1.229309
0.426500 104.434886 1.460168
0.427500 111.362159 1.187716
0.428500 116.661279 1.709826
0.429500 127.151877 1.414699
