0.350000 5.624702 0.057122
0.360000 6.902862 0.073696
0.370000 8.832692 0.092723
0.380000 11.216550 0.124113
0.390000 15.385749 0.157816
0.400000 22.681942 0.253903
0.401000 23.234483 0.254626
0.402000 25.235229 0.266741
0.403000 25.533067 0.345183
0.404000 26.674509 0.298690
0.405000 27.377322 0.343012
0.406000 28.957450 0.380979
0.407000 30.874005 0.380101
0.408000 32.185904 0.415899
0.409000 33.577977 0.503596
0.410000 36.283250 0.496457
0.411000 38.995556 0.530544
0.412000 40.098561 0.552297
0.413000 42.947696 0.635148
0.414000 45.648376 0.666840
0.415000 48.757134 0.781649
0.416000 51.967926 0.768827
0.417000 54.922560 0.741398
0.418000 59.621593 0.870777
0.419000 62.715014 0.881583
0.420000 69.117283 1.006442
0.421000 73.496561 1.475884
0.422000 82.782107 1.293286
0.423000 86.016108 1.398662
0.424000 93.437585 1.451614
0.425000 102.353895 1.622752
0.426000 112.000778 1.840941
0.427000 123.240853 1.535278
0.428000 129.871665 1.852969
0.429000 138.539176 1.838680
0.430000 152.717185 1.778445
0.431000 162.034637 1.817174
0.432000 171.475279 4.181769
0.433000 193.305391 1.787130
0.434000 195.579458 2.953716
0.435000 167.920678 3.891636
0.436000 186.939548 3.382165
0.437000 163.350227 4.459342
0.438000 152.505595 3.551378
0.439000 99.336712 3.518235
0.440000 149.374120 5.879983
0.441000 126.381915 5.329458
0.442000 108.552827 5.783358
0.443000 126.200594 12.065872
0.444000 67.906032 4.088228
0.445000 78.189845 8.791699
0.446000 48.523949 3.635419
0.447000 25.151001 0.913743
0.448000 52.266318 5.499869
0.449000 17.361934 0.361708
0.450000 16.692416 0.370849
0.460000 6.249988 0.192338
0.470000 3.119688 0.112403
0.480000 1.763352 0.022090
