0.340000 4.612324 0.096254
0.341000 4.700265 0.085674
0.342000 4.839192 0.079207
0.343000 4.696951 0.087143
0.344000 5.109765 0.100330
0.345000 5.052965 0.088171
0.346000 5.100383 0.092123
0.347000 5.077710 0.090927
0.348000 5.330555 0.091302
0.349000 5.507472 0.092355
0.350000 5.533111 0.089925
0.351000 5.556623 0.092932
0.352000 5.769864 0.124871
0.353000 5.820972 0.107035
0.354000 5.958724 0.117291
0.355000 6.379990 0.110983
0.356000 6.279504 0.111447
0.357000 6.345696 0.128475
0.358000 6.468813 0.104875
0.359000 6.584576 0.140026
0.360000 6.859035 0.106313
0.361000 6.798325 0.117882
0.362000 7.120186 0.132947
0.363000 7.122002 0.121606
0.364000 7.293751 0.131616
0.365000 7.661028 0.153706
0.366000 7.800642 0.132878
0.367000 7.785336 0.134748
0.368000 8.063881 0.155802
0.369000 8.340587 0.153397
0.370000 8.391316 0.170556
0.371000 8.796635 0.136663
0.372000 8.935017 0.141343
0.373000 9.223639 0.139807
0.374000 9.228553 0.157383
0.375000 9.630455 0.158924
0.376000 9.666352 0.151419
0.377000 9.906506 0.183750
0.378000 10.456410 0.218155
0.379000 10.406573 0.167681
0.380000 10.968378 0.184914
0.381000 11.000511 0.193289
0.382000 11.742487 0.213158
0.383000 12.135837 0.215996
0.384000 12.429038 0.193515
0.385000 12.377762 0.214889
0.386000 12.922925 0.205653
0.387000 13.144306 0.220284
0.388000 13.930739 0.215786
0.389000 14.052382 0.204012
0.390000 14.843353 0.221991
0.391000 14.609612 0.214790
0.392000 15.311173 0.263640
0.393000 15.912410 0.254044
0.394000 16.659198 0.234592
0.395000 16.471221 0.235709
0.396000 17.545901 0.245931
0.397000 18.112239 0.322652
0.398000 18.887205 0.271208
0.399000 19.388161 0.292374
0.400000 19.821903 0.357146
0.400500 20.489572 0.299343
0.401000 21.129531 0.325103
0.401500 20.908732 0.297461
0.402000 21.200922 0.319093
0.402500 22.293352 0.313114
0.403000 22.537456 0.335166
0.403500 22.278368 0.340619
0.404000 22.961775 0.330653
0.404500 24.186350 0.358902
0.405000 23.777489 0.357521
0.405500 24.837058 0.378923
0.406000 24.763210 0.376474
0.406500 24.751179 0.312290
0.407000 25.849462 0.344388
0.407500 27.002532 0.337267
0.408000 27.350222 0.360741
0.408500 27.364434 0.422415
0.409000 28.068706 0.372268
0.409500 28.823196 0.383437
0.410000 29.098086 0.397523
0.410500 29.318480 0.359736
0.411000 29.015798 0.424729
0.411500 29.556492 0.425969
0.412000 31.036282 0.424407
0.412500 31.177887 0.458666
0.413000 31.881156 0.412760
0.413500 32.753141 0.377460
0.414000 33.749124 0.475314
0.414500 33.894637 0.473704
0.415000 34.224021 0.419914
0.415500 34.808709 0.441373
0.416000 34.912940 0.448422
0.416500 35.713727 0.439490
0.417000 36.403634 0.418591
0.417500 36.723082 0.456710
0.418000 37.037679 0.400823
0.418500 37.644162 0.399236
0.419000 38.443921 0.467231
0.419500 38.627701 0.443855
0.420000 39.670699 0.400213
0.420500 39.901354 0.438325
0.421000 39.674667 0.437706
0.421500 40.892457 0.476825
0.422000 40.652533 0.449233
0.422500 41.565953 0.456499
0.423000 42.204564 0.474839
0.423500 41.742279 0.457772
0.424000 42.354793 0.532793
0.424500 42.458067 0.527794
0.425000 42.634795 0.477318
0.425500 43.509527 0.465001
0.426000 43.842289 0.593004
0.426500 42.808527 0.616790
0.427000 43.424566 0.613610
0.427500 43.384993 0.601869
0.428000 43.008643 0.644199
0.428500 43.427253 0.649203
0.429000 43.144681 0.671879
0.429500 42.628705 0.728270
0.430000 43.494503 0.692045
0.430500 42.970871 0.684824
0.431000 42.439386 0.738484
0.431500 40.736164 0.741459
0.432000 41.701580 0.822951
0.432500 42.460425 0.857270
0.433000 39.202600 0.789310
0.433500 39.296676 0.909872
0.434000 39.254825 0.850816
0.434500 38.329809 0.931051
0.435000 37.132270 0.811275
0.435500 37.351529 0.966925
0.436000 36.808664 0.938282
0.436500 35.417423 1.119479
0.437000 35.402465 1.053052
0.437500 35.016330 1.041557
0.438000 33.382073 0.981660
0.438500 31.686741 0.998906
0.439000 31.270408 1.058029
0.439500 29.782823 1.094408
0.440000 29.542001 1.094893
0.440500 26.615312 0.962775
0.441000 27.839873 1.216544
0.441500 26.000628 1.167974
0.442000 26.744962 1.098707
0.442500 24.971531 1.090518
0.443000 24.983015 1.233312
0.443500 23.383817 1.012307
0.444000 23.242683 0.959756
0.444500 22.539484 0.995391
0.445000 19.154833 1.154733
0.445500 19.087850 0.935491
0.446000 19.248765 1.042135
0.446500 17.807130 0.997154
0.447000 18.263122 0.997845
0.447500 18.174281 0.917172
0.448000 16.538973 0.893174
0.448500 17.105632 1.118048
0.449000 14.849967 0.793427
0.449500 14.049227 0.879108
0.450000 14.049636 0.854275
0.451000 13.067721 0.823702
0.452000 11.594714 0.888387
0.453000 11.322947 0.725000
0.454000 10.098049 0.815383
0.455000 9.457594 0.723962
0.456000 7.545020 0.520368
0.457000 7.935599 0.534410
0.458000 6.646863 0.429741
0.459000 6.127030 0.415753
0.460000 4.957687 0.258411
0.461000 4.352335 0.214335
0.462000 4.171759 0.215591
0.463000 4.872377 0.437256
0.464000 4.645352 0.440070
0.465000 3.728010 0.204890
0.466000 3.632885 0.204470
0.467000 3.176428 0.175783
0.468000 3.389385 0.258593
0.469000 2.977323 0.164019
0.470000 2.909345 0.304942
0.471000 2.351191 0.109021
0.472000 2.493118 0.373631
0.473000 2.629424 0.214611
0.474000 2.444331 0.146026
0.475000 2.209318 0.098359
0.476000 2.055012 0.088840
0.477000 1.900644 0.059423
0.478000 1.789335 0.056626
0.479000 1.867412 0.102778
0.480000 1.611480 0.057081
