0.340000 4.783453 0.087329
0.341000 4.702729 0.096963
0.342000 4.893499 0.092233
0.343000 4.951346 0.097223
0.344000 5.026109 0.093846
0.345000 4.988473 0.082803
0.346000 5.287602 0.102910
0.347000 5.308490 0.092267
0.348000 5.398556 0.104357
0.349000 5.461622 0.095291
0.350000 5.717582 0.135985
0.351000 5.505249 0.115485
0.352000 5.654696 0.089144
0.353000 5.968679 0.102625
0.354000 6.089724 0.110259
0.355000 6.206164 0.126874
0.356000 6.275195 0.123385
0.357000 6.445245 0.120264
0.358000 6.710450 0.124259
0.359000 6.750876 0.125186
0.360000 6.798078 0.117561
0.361000 7.002548 0.117160
0.362000 7.142915 0.132762
0.363000 7.344677 0.129459
0.364000 7.305201 0.143532
0.365000 7.528261 0.134727
0.366000 8.056323 0.163622
0.367000 8.135990 0.134517
0.368000 8.214412 0.149802
0.369000 8.128810 0.134010
0.370000 8.425108 0.153259
0.371000 8.651165 0.151972
0.372000 9.025503 0.173665
0.373000 9.376629 0.166234
0.374000 9.469904 0.184718
0.375000 9.941907 0.189352
0.376000 9.964221 0.196954
0.377000 10.223361 0.188560
0.378000 10.293694 0.177003
0.379000 11.095108 0.195673
0.380000 11.240685 0.235806
0.381000 11.644443 0.218753
0.382000 12.015749 0.212260
0.383000 12.132403 0.246488
0.384000 12.380114 0.204447
0.385000 12.797772 0.274330
0.386000 13.488801 0.285201
0.387000 13.867756 0.269346
0.388000 14.107510 0.274390
0.389000 14.527894 0.270130
0.390000 15.285735 0.245540
0.391000 15.860215 0.264483
0.392000 16.755700 0.298091
0.393000 16.721242 0.278035
0.394000 17.769200 0.319623
0.395000 18.054488 0.332829
0.396000 18.809437 0.335900
0.397000 19.174195 0.408401
0.398000 19.872290 0.348214
0.399000 21.299972 0.375412
0.400000 21.609903 0.375875
0.400500 21.963651 0.371801
0.401000 22.819806 0.447177
0.401500 23.529489 0.420815
0.402000 23.783949 0.461834
0.402500 23.854697 0.427779
0.403000 25.132269 0.454514
0.403500 25.401078 0.441592
0.404000 25.514420 0.467446
0.404500 27.407125 0.570598
0.405000 26.275329 0.500149
0.405500 28.005783 0.494135
0.406000 28.381303 0.533419
0.406500 30.563667 0.574749
0.407000 30.465187 0.569749
0.407500 31.565382 0.565830
0.408000 31.858057 0.605510
0.408500 31.959891 0.591186
0.409000 32.492336 0.671591
0.409500 32.684076 0.626749
0.410000 35.053698 0.643587
0.410500 35.022805 0.683663
0.411000 36.968796 0.778647
0.411500 37.470184 0.696860
0.412000 40.119771 0.776925
0.412500 38.736918 0.896787
0.413000 41.597584 0.890823
0.413500 43.118280 0.813142
0.414000 44.310316 0.794119
0.414500 45.033298 0.835323
0.415000 45.813967 0.896996
0.415500 47.930040 1.129931
0.416000 49.264140 1.070404
0.416500 51.038421 1.067200
0.417000 50.249256 1.050736
0.417500 53.262724 1.007905
0.418000 53.939573 1.096026
0.418500 56.480930 1.361814
0.419000 56.576535 1.128026
0.419500 60.487902 1.127456
0.420000 62.401093 1.222822
0.420500 61.965981 1.331600
0.421000 64.926672 1.242088
0.421500 66.054251 1.124703
0.422000 67.200077 1.193894
0.422500 70.344226 1.387280
0.423000 71.363714 1.313810
0.423500 75.569756 1.306225
0.424000 77.473766 1.249447
0.424500 77.919117 1.200917
0.425000 81.169169 1.290676
0.425500 81.603517 1.354555
0.426000 85.943137 1.244617
0.426500 86.628729 1.353455
0.427000 89.183830 1.183593
0.427500 92.162639 1.292105
0.428000 92.605169 1.284089
0.428500 95.665006 1.503506
0.429000 98.266234 1.550966
0.429500 100.709557 1.429849
0.430000 103.800837 1.486522
0.430500 99.655203 1.823511
0.431000 102.970593 1.924916
0.431500 106.619183 1.774604
0.432000 104.132085 2.370703
0.432500 105.274464 2.290816
0.433000 104.293800 2.409144
0.433500 107.461292 2.667748
0.434000 106.629252 2.864812
0.434500 95.731593 2.188275
0.435000 108.656267 2.683145
0.435500 98.520848 2.667685
0.436000 89.305051 2.780867
0.436500 93.364973 3.044126
0.437000 89.453490 3.510069
0.437500 85.686016 4.235220
0.438000 102.530005 3.923059
0.438500 87.162743 4.344340
0.439000 75.680802 4.313526
0.439500 86.976329 4.391670
0.440000 87.850852 4.654850
0.440500 71.724301 4.071648
0.441000 54.402455 4.143414
0.441500 65.694122 5.039647
0.442000 45.228254 2.821668
0.442500 65.823728 4.515021
0.443000 46.362159 3.435721
0.443500 39.901914 3.248414
0.444000 54.009986 4.803182
0.444500 45.170553 4.285012
0.445000 30.631267 2.132100
0.445500 33.560104 2.087356
0.446000 34.664541 3.473751
0.446500 26.220731 1.847869
0.447000 24.184118 2.142555
0.447500 26.440385 3.531356
0.448000 27.997554 2.776843
0.448500 29.818748 2.844927
0.449000 20.274457 1.542746
0.449500 23.450062 2.570612
0.450000 14.996087 0.970910
0.451000 18.042603 2.708389
0.452000 11.860087 0.603483
0.453000 12.417121 0.799979
0.454000 12.733127 2.491190
0.455000 8.586352 0.416107
0.456000 12.563496 2.909030
0.457000 7.498759 0.323584
0.458000 6.733752 0.263379
0.459000 6.425893 0.472134
0.460000 6.689749 0.422196
0.461000 5.462138 0.349504
0.462000 5.547869 0.421996
0.463000 4.586869 0.233965
0.464000 3.776483 0.122362
0.465000 3.760789 0.101033
0.466000 3.862048 0.199710
0.467000 3.102754 0.082425
0.468000 3.133901 0.090322
0.469000 2.993964 0.106590
0.470000 2.819460 0.075407
0.471000 3.050651 0.177639
0.472000 2.483509 0.065958
0.473000 2.375579 0.076500
0.474000 2.149704 0.064172
0.475000 2.111238 0.059425
0.476000 2.031582 0.057525
0.477000 1.886932 0.053895
0.478000 1.812757 0.052251
0.479000 1.743334 0.039248
0.480000 1.595379 0.037972
