0.340000 3.960421 0.050535
0.341000 3.953734 0.065951
0.342000 4.052658 0.051721
0.343000 4.125608 0.052253
0.344000 4.158366 0.054490
0.345000 4.173529 0.061777
0.346000 4.339330 0.069209
0.347000 4.341698 0.059735
0.348000 4.300312 0.059162
0.349000 4.427444 0.059684
0.350000 4.559538 0.066334
0.351000 4.531988 0.060147
0.352000 4.628579 0.067947
0.353000 4.661764 0.057576
0.354000 4.541644 0.067302
0.355000 4.859189 0.065546
0.356000 4.785815 0.059519
0.357000 4.848145 0.066494
0.358000 4.909211 0.068579
0.359000 5.036789 0.060647
0.360000 4.996695 0.055855
0.361000 5.033371 0.070255
0.362000 5.183523 0.061823
0.363000 5.164593 0.072881
0.364000 5.199579 0.069053
0.365000 5.234795 0.070143
0.366000 5.366426 0.061516
0.367000 5.362799 0.065904
0.368000 5.504452 0.063247
0.369000 5.540595 0.068334
0.370000 5.418144 0.065653
0.371000 5.594438 0.070235
0.372000 5.745121 0.068057
0.373000 5.682980 0.060834
0.374000 5.691056 0.066404
0.375000 5.810300 0.064224
0.376000 5.826935 0.065125
0.377000 5.959635 0.067290
0.378000 5.942185 0.074139
0.379000 6.064495 0.068052
0.380000 6.024932 0.067410
0.381000 6.079725 0.066656
0.382000 6.196918 0.067060
0.383000 6.204542 0.069396
0.384000 6.181092 0.073441
0.385000 6.198441 0.068346
0.386000 6.413251 0.077523
0.387000 6.308342 0.067079
0.388000 6.425515 0.076541
0.389000 6.281257 0.069612
0.390000 6.528967 0.075912
0.391000 6.483028 0.074896
0.392000 6.394482 0.104256
0.393000 6.506191 0.074190
0.394000 6.514456 0.084101
0.395000 6.565120 0.073277
0.396000 6.522877 0.081931
0.397000 6.476827 0.079214
0.398000 6.617775 0.099265
0.399000 6.666240 0.080028
0.400000 6.599281 0.083514
0.401000 6.437664 0.083550
0.402000 6.536235 0.117532
0.403000 6.618549 0.090747
0.404000 6.547245 0.117948
0.405000 6.556238 0.097020
0.406000 6.519575 0.099314
0.407000 6.471882 0.099007
0.408000 6.245039 0.111711
0.409000 6.470052 0.111148
0.410000 6.372082 0.108562
0.411000 6.364337 0.106960
0.412000 6.477693 0.105946
0.413000 6.210865 0.111639
0.414000 6.052877 0.146246
0.415000 6.035402 0.111990
0.416000 6.083982 0.117799
0.417000 6.069612 0.131931
0.418000 5.931950 0.129635
0.419000 5.817163 0.159093
0.420000 5.775390 0.127426
0.421000 5.646254 0.134828
0.422000 5.738746 0.135596
0.423000 5.745348 0.140487
0.424000 5.733151 0.121863
0.425000 5.583500 0.131367
0.426000 5.549481 0.137437
0.427000 5.173007 0.138432
0.428000 4.891682 0.154306
0.429000 5.156078 0.145906
0.430000 4.921671 0.155312
0.431000 5.143735 0.145507
0.432000 4.877989 0.152636
0.433000 4.892891 0.149169
0.434000 4.500769 0.137237
0.435000 4.606727 0.152876
0.436000 4.666902 0.143193
0.437000 4.565670 0.153344
0.438000 4.277717 0.198497
0.439000 4.200004 0.152022
0.440000 4.002924 0.155835
0.441000 3.990053 0.150641
0.442000 3.979207 0.157569
0.443000 3.622962 0.132860
0.444000 4.235328 0.164570
0.445000 3.725062 0.203131
0.446000 3.570836 0.162410
0.447000 3.408898 0.165277
0.448000 3.258595 0.145657
0.449000 3.681745 0.183012
0.450000 3.368258 0.155962
0.451000 3.369149 0.150674
0.452000 2.792928 0.146962
0.453000 2.906679 0.157462
0.454000 3.117524 0.170854
0.455000 2.802550 0.157272
0.456000 2.909161 0.128426
0.457000 2.456426 0.119344
0.458000 2.654632 0.128101
0.459000 2.484362 0.125494
0.460000 2.567035 0.137887
0.461000 2.237199 0.136866
0.462000 2.076310 0.097825
0.463000 2.339948 0.123851
0.464000 2.315698 0.134235
0.465000 2.259687 0.150480
0.466000 2.062463 0.117209
0.467000 2.020716 0.121237
0.468000 2.007353 0.123816
0.469000 1.840978 0.116189
0.470000 1.727029 0.094738
0.471000 1.784783 0.123130
0.472000 1.820692 0.103703
0.473000 1.663860 0.111157
0.474000 1.595003 0.118059
0.475000 1.678703 0.114723
0.476000 1.493877 0.094166
0.477000 1.574852 0.098665
0.478000 1.339767 0.068370
0.479000 1.425391 0.106807
0.480000 1.475297 0.097818
