0.340000 4.553122 0.070314
0.341000 4.456905 0.063687
0.342000 4.546527 0.073550
0.343000 4.727984 0.070757
0.344000 4.635735 0.083249
0.345000 4.830349 0.072062
0.346000 5.021846 0.076693
0.347000 5.039483 0.081492
0.348000 5.016591 0.072231
0.349000 5.194256 0.081077
0.350000 5.131872 0.071726
0.351000 5.330834 0.074841
0.352000 5.322982 0.071529
0.353000 5.410183 0.090211
0.354000 5.590448 0.083034
0.355000 5.703245 0.091321
0.356000 5.651479 0.086216
0.357000 5.849901 0.086149
0.358000 6.069745 0.087369
0.359000 6.140292 0.089998
0.360000 6.156801 0.093305
0.361000 6.196514 0.089178
0.362000 6.309918 0.094616
0.363000 6.578165 0.095655
0.364000 6.582625 0.090078
0.365000 6.814416 0.086923
0.366000 7.069910 0.100383
0.367000 6.906399 0.103516
0.368000 7.237828 0.094281
0.369000 7.116467 0.084552
0.370000 7.329757 0.089787
0.371000 7.600679 0.098298
0.372000 7.614752 0.091007
0.373000 7.861631 0.114241
0.374000 7.952103 0.100727
0.375000 7.996120 0.123325
0.376000 8.163338 0.103289
0.377000 8.436184 0.111384
0.378000 8.439319 0.114160
0.379000 8.739882 0.101134
0.380000 8.855887 0.107864
0.381000 9.204498 0.107539
0.382000 9.167178 0.104203
0.383000 9.394910 0.105391
0.384000 9.381357 0.107817
0.385000 9.601167 0.108678
0.386000 9.982943 0.118997
0.387000 10.048277 0.105346
0.388000 10.240492 0.114548
0.389000 10.328368 0.105592
0.390000 10.562727 0.129355
0.391000 10.584295 0.112009
0.392000 10.636283 0.132005
0.393000 11.072721 0.114026
0.394000 11.192599 0.126356
0.395000 11.265139 0.117748
0.396000 11.332076 0.123435
0.397000 11.799051 0.131779
0.398000 11.955023 0.126167
0.399000 11.869010 0.155903
0.400000 12.159173 0.132746
0.400500 12.159597 0.131961
0.401000 12.115754 0.139598
0.401500 12.229143 0.137657
0.402000 12.198878 0.164417
0.402500 12.448197 0.162197
0.403000 12.497620 0.129674
0.403500 12.272250 0.122736
0.404000 12.640325 0.131760
0.404500 12.627615 0.135672
0.405000 12.826831 0.127386
0.405500 12.716266 0.130811
0.406000 12.862055 0.141485
0.406500 12.622756 0.147130
0.407000 12.776458 0.137809
0.407500 12.822708 0.133387
0.408000 12.973509 0.132501
0.408500 13.054985 0.139349
0.409000 13.039170 0.131615
0.409500 13.010515 0.129772
0.410000 13.108813 0.142672
0.410500 13.046572 0.164075
0.411000 13.222292 0.150917
0.411500 13.116065 0.144096
0.412000 13.148112 0.142795
0.412500 12.782673 0.183688
0.413000 13.204637 0.175238
0.413500 12.835539 0.150702
0.414000 12.930870 0.142914
0.414500 13.101392 0.134737
0.415000 13.175454 0.152479
0.415500 12.927327 0.195343
0.416000 13.086994 0.155766
0.416500 12.951987 0.157888
0.417000 12.921775 0.155374
0.417500 12.808671 0.166798
0.418000 12.808267 0.158167
0.418500 12.996056 0.205258
0.419000 12.896186 0.155531
0.419500 12.685287 0.156875
0.420000 12.877060 0.172635
0.420500 12.971994 0.175444
0.421000 12.331914 0.172881
0.421500 12.372266 0.177435
0.422000 12.244978 0.182868
0.422500 12.636121 0.171895
0.423000 12.184560 0.174289
0.423500 12.373084 0.200974
0.424000 12.334513 0.184385
0.424500 12.298207 0.181201
0.425000 12.217457 0.182969
0.425500 11.904548 0.188090
0.426000 11.976117 0.213862
0.426500 11.755571 0.169591
0.427000 11.556011 0.193467
0.427500 11.544103 0.180488
0.428000 11.796535 0.191661
0.428500 11.635034 0.197854
0.429000 11.006763 0.207557
0.429500 11.076081 0.184508
0.430000 11.313321 0.187095
0.430500 10.890575 0.167850
0.431000 10.709939 0.209857
0.431500 10.754077 0.210837
0.432000 10.732246 0.187305
0.432500 10.606099 0.208055
0.433000 10.437388 0.200494
0.433500 10.206542 0.207059
0.434000 10.013376 0.207061
0.434500 9.897474 0.201377
0.435000 9.933412 0.204233
0.435500 9.624049 0.169723
0.436000 9.561371 0.191195
0.436500 9.725791 0.189210
0.437000 9.578501 0.194532
0.437500 9.232924 0.177395
0.438000 8.996764 0.186567
0.438500 8.546319 0.224186
0.439000 8.569657 0.213239
0.439500 8.459319 0.199591
0.440000 8.362411 0.189019
0.440500 8.730945 0.242949
0.441000 8.339444 0.199288
0.441500 8.072697 0.195299
0.442000 7.968732 0.198874
0.442500 7.571068 0.197181
0.443000 8.026728 0.194105
0.443500 7.797747 0.203275
0.444000 7.243900 0.178823
0.444500 7.169669 0.195721
0.445000 6.978717 0.193015
0.445500 7.007599 0.171522
0.446000 6.799345 0.188945
0.446500 6.710713 0.190219
0.447000 6.548920 0.184561
0.447500 6.586233 0.174862
0.448000 6.554077 0.196492
0.448500 6.214467 0.167647
0.449000 6.200865 0.194288
0.449500 5.893179 0.175417
0.450000 6.208574 0.202573
0.451000 5.459878 0.150296
0.452000 5.322487 0.160414
0.453000 5.033461 0.178195
0.454000 4.949899 0.171302
0.455000 4.912044 0.147721
0.456000 4.473016 0.162156
0.457000 4.398895 0.145436
0.458000 4.187905 0.149845
0.459000 3.946901 0.131758
0.460000 3.693367 0.155545
0.461000 3.740165 0.150614
0.462000 3.682094 0.154472
0.463000 3.338570 0.131400
0.464000 3.111520 0.113117
0.465000 3.175565 0.148411
0.466000 3.015951 0.118659
0.467000 2.624930 0.094638
0.468000 2.515813 0.102615
0.469000 2.840000 0.134120
0.470000 2.542788 0.115762
0.471000 2.328327 0.099256
0.472000 2.146894 0.102938
0.473000 2.111716 0.100207
0.474000 2.044456 0.085115
0.475000 1.944203 0.083225
0.476000 1.875068 0.080398
0.477000 1.790632 0.077821
0.478000 1.803826 0.084614
0.479000 1.736520 0.083856
0.480000 1.560105 0.077518
