0.340000 4.595339 0.081440
0.341000 4.511654 0.069863
0.342000 4.624567 0.077222
0.343000 4.751280 0.089791
0.344000 4.942030 0.080769
0.345000 4.884537 0.086405
0.346000 5.027780 0.087110
0.347000 5.155509 0.084435
0.348000 5.309508 0.080769
0.349000 5.379659 0.088346
0.350000 5.410798 0.087383
0.351000 5.489176 0.085365
0.352000 5.786043 0.094644
0.353000 5.736228 0.098326
0.354000 5.803303 0.092792
0.355000 6.055942 0.099828
0.356000 5.890697 0.094635
0.357000 6.079116 0.102512
0.358000 6.383075 0.114449
0.359000 6.356992 0.104393
0.360000 6.355942 0.096876
0.361000 6.724706 0.117116
0.362000 6.739071 0.107856
0.363000 7.001598 0.123953
0.364000 7.154416 0.110467
0.365000 7.191768 0.118748
0.366000 7.428057 0.110503
0.367000 7.438323 0.136532
0.368000 7.776097 0.118119
0.369000 7.810438 0.123351
0.370000 8.170836 0.118998
0.371000 8.246776 0.129875
0.372000 8.252928 0.131531
0.373000 8.664096 0.134585
0.374000 8.641056 0.145407
0.375000 8.974501 0.145232
0.376000 9.270723 0.168634
0.377000 9.340771 0.133344
0.378000 9.556883 0.140896
0.379000 10.149994 0.148728
0.380000 10.106506 0.134573
0.381000 10.051877 0.139808
0.382000 10.577301 0.146821
0.383000 10.674760 0.163925
0.384000 10.910437 0.146934
0.385000 11.282307 0.144200
0.386000 11.717599 0.155985
0.387000 12.069111 0.162481
0.388000 12.388952 0.142347
0.389000 12.562569 0.164642
0.390000 12.762843 0.161379
0.391000 12.794023 0.160703
0.392000 13.565559 0.165016
0.393000 13.943793 0.180973
0.394000 14.342566 0.175079
0.395000 14.361566 0.158117
0.396000 14.616283 0.199509
0.397000 15.036703 0.194178
0.398000 15.780698 0.190938
0.399000 16.136949 0.184782
0.400000 16.323150 0.204284
0.400500 16.542221 0.177789
0.401000 16.481692 0.190625
0.401500 16.517510 0.186877
0.402000 16.964111 0.193435
0.402500 17.194676 0.203372
0.403000 17.125233 0.222855
0.403500 17.612220 0.204475
0.404000 17.643775 0.206479
0.404500 17.737533 0.208391
0.405000 17.935468 0.196195
0.405500 18.205312 0.191792
0.406000 18.445434 0.232024
0.406500 18.180972 0.179870
0.407000 18.812730 0.228194
0.407500 19.062203 0.205105
0.408000 19.078810 0.189455
0.408500 18.776125 0.201015
0.409000 19.635736 0.196459
0.409500 19.417159 0.196794
0.410000 19.851309 0.290822
0.410500 19.473450 0.200644
0.411000 20.126052 0.206415
0.411500 20.325308 0.218996
0.412000 20.176073 0.206261
0.412500 20.445554 0.214721
0.413000 20.437338 0.197938
0.413500 20.347270 0.217139
0.414000 20.559017 0.219601
0.414500 20.726681 0.228169
0.415000 20.846383 0.254998
0.415500 21.154379 0.256740
0.416000 21.029772 0.228655
0.416500 21.487678 0.247045
0.417000 21.077729 0.291219
0.417500 21.028560 0.205767
0.418000 21.071656 0.310868
0.418500 21.855449 0.239022
0.419000 21.514999 0.274516
0.419500 21.045423 0.257446
0.420000 21.585070 0.254870
0.420500 21.510998 0.257565
0.421000 21.349848 0.245401
0.421500 21.384672 0.221442
0.422000 21.382742 0.275975
0.422500 21.208934 0.299646
0.423000 21.409473 0.318053
0.423500 21.465344 0.292054
0.424000 21.318763 0.276854
0.424500 21.624664 0.286706
0.425000 21.279986 0.283371
0.425500 20.908473 0.268976
0.426000 20.351918 0.319234
0.426500 20.901896 0.309962
0.427000 20.553834 0.302106
0.427500 21.160051 0.323472
0.428000 20.578466 0.326791
0.428500 19.740548 0.323174
0.429000 19.581421 0.312548
0.429500 19.828444 0.313579
0.430000 19.010741 0.376922
0.430500 19.057295 0.337818
0.431000 18.871533 0.356188
0.431500 18.833973 0.338148
0.432000 18.459154 0.349660
0.432500 18.274117 0.429393
0.433000 18.444191 0.390320
0.433500 17.619929 0.365377
0.434000 17.938229 0.343810
0.434500 17.395289 0.363349
0.435000 17.167399 0.371322
0.435500 17.338960 0.395984
0.436000 17.275009 0.410209
0.436500 15.943659 0.401978
0.437000 15.983615 0.373215
0.437500 15.313951 0.363859
0.438000 15.319439 0.476160
0.438500 14.875410 0.420305
0.439000 14.976034 0.405528
0.439500 14.295556 0.377719
0.440000 14.583448 0.356211
0.440500 13.812975 0.401092
0.441000 13.362303 0.334001
0.441500 13.644308 0.429627
0.442000 13.301463 0.372938
0.442500 12.596964 0.346198
0.443000 12.254673 0.357562
0.443500 11.848706 0.380725
0.444000 12.166974 0.336559
0.444500 11.563208 0.366312
0.445000 11.576039 0.357342
0.445500 11.036423 0.347134
0.446000 9.988759 0.336586
0.446500 10.484522 0.381195
0.447000 9.784496 0.351442
0.447500 9.812296 0.405570
0.448000 9.637435 0.351127
0.448500 9.485231 0.375959
0.449000 9.007823 0.351996
0.449500 8.648664 0.455194
0.450000 9.388254 0.334436
0.451000 8.356327 0.322049
0.452000 7.968598 0.305271
0.453000 7.477445 0.317225
0.454000 6.338290 0.302705
0.455000 6.889258 0.349253
0.456000 6.187742 0.307141
0.457000 6.006750 0.286001
0.458000 5.210488 0.211081
0.459000 5.044990 0.239894
0.460000 4.839718 0.226801
0.461000 4.529586 0.172920
0.462000 4.480080 0.250920
0.463000 4.177556 0.251470
0.464000 3.693010 0.175879
0.465000 3.636589 0.211482
0.466000 3.445799 0.179820
0.467000 2.999288 0.161798
0.468000 2.904774 0.162620
0.469000 2.869267 0.133011
0.470000 2.917297 0.191594
0.471000 2.481748 0.117956
0.472000 2.615642 0.138424
0.473000 2.188307 0.103230
0.474000 2.315538 0.123548
0.475000 2.159782 0.115191
0.476000 1.914054 0.089728
0.477000 1.803111 0.074972
0.478000 2.074930 0.143507
0.479000 1.822351 0.109064
0.480000 1.703494 0.101727
